Vel: [0.44911351799964905, 0.16180051863193512, 0.03610730543732643]
Acc: [0.47751954197883606, -0.16387058794498444, -9.722216606140137]
Gyro:[-0.05952789634466171, -0.07265888154506683, 0.006392554845660925]
Mag: [-0.15640783309936523, -0.020318010821938515, -0.15133559703826904]
Vel: [0.461830735206604, 0.167245551943779, 0.03321969881653786]
Acc: [0.5708935856819153, -0.20655636489391327, -9.902275085449219]
Gyro:[-0.10639321058988571, -0.07990938425064087, -0.09659315645694733]
Mag: [-0.16158950328826904, -0.023924700915813446, -0.15225063264369965]
Vel: [0.47144627571105957, 0.17063772678375244, 0.029376333579421043]
Acc: [0.6785394549369812, 0.10402850806713104, -10.054864883422852]
Gyro:[0.00907759740948677, -0.029677418991923332, -0.1066555455327034]
Mag: [-0.16158950328826904, -0.023924700915813446, -0.15225063264369965]
Vel: [0.47340109944343567, 0.16849520802497864, 0.02415117807686329]
Acc: [0.58534836769104, -3.6582350730895996e-05, -10.001472473144531]
Gyro:[0.11711517721414566, 0.01672796718776226, -0.18903985619544983]
Mag: [-0.16158950328826904, -0.023924700915813446, -0.15225063264369965]
Vel: [0.4815276265144348, 0.1659582555294037, 0.013467786833643913]
Acc: [0.2467583417892456, -0.22685971856117249, -9.877595901489258]
Gyro:[0.13012564182281494, 0.09181290119886398, -0.2839789092540741]
Mag: [-0.16158950328826904, -0.023924700915813446, -0.15225063264369965]
Vel: [0.5003098845481873, 0.17032219469547272, 0.012911779806017876]
Acc: [0.5540871620178223, -0.15240858495235443, -9.817646026611328]
Gyro:[0.04209776222705841, 0.09002763032913208, -0.29476380348205566]
Mag: [-0.16107258200645447, -0.029431676492094994, -0.15273727476596832]
Vel: [0.5086807608604431, 0.17641817033290863, 0.012678446248173714]
Acc: [0.6487862467765808, -0.1610417515039444, -9.84289264678955]
Gyro:[0.0521942637860775, 0.0873354896903038, -0.19922296702861786]
Mag: [-0.16107258200645447, -0.029431676492094994, -0.15273727476596832]
Vel: [0.5122401714324951, 0.1814534217119217, 0.01258706022053957]
Acc: [0.7751277089118958, -0.37661778926849365, -9.629323959350586]
Gyro:[-0.015067044645547867, 0.08102663606405258, -0.2289334088563919]
Mag: [-0.16107258200645447, -0.029431676492094994, -0.15273727476596832]
Vel: [0.511146068572998, 0.18560777604579926, 0.02331678196787834]
Acc: [0.9411417841911316, 0.6845535039901733, -9.966110229492188]
Gyro:[-0.03356657549738884, -0.12078642100095749, -0.030231429263949394]
Mag: [-0.16107258200645447, -0.029431676492094994, -0.15273727476596832]
Vel: [0.5049222707748413, 0.16578888893127441, 0.017974844202399254]
Acc: [0.9352700114250183, 0.15552179515361786, -9.632996559143066]
Gyro:[0.0909590944647789, 0.005830735433846712, 0.038063328713178635]
Mag: [-0.16046260297298431, -0.03440714627504349, -0.1537390947341919]
Vel: [0.5030801892280579, 0.1526186317205429, 0.01733713410794735]
Acc: [0.9131957292556763, 0.09210959076881409, -9.772632598876953]
Gyro:[0.09390512108802795, -0.01602925732731819, 0.08448515087366104]
Mag: [-0.16046260297298431, -0.03440714627504349, -0.1537390947341919]
Vel: [0.5025510787963867, 0.15259484946727753, 0.01865425333380699]
Acc: [0.8288540244102478, 0.04655496031045914, -9.624584197998047]
Gyro:[0.01308615505695343, -0.09939546138048172, 0.005796230863779783]
Mag: [-0.16046260297298431, -0.03440714627504349, -0.1537390947341919]
Vel: [0.49757906794548035, 0.14914213120937347, 0.0190966185182333]
Acc: [1.0440102815628052, 0.1272982656955719, -10.116495132446289]
Gyro:[0.05922287330031395, -0.07654064148664474, -0.005731608252972364]
Mag: [-0.16046260297298431, -0.03440714627504349, -0.1537390947341919]
Vel: [0.49354177713394165, 0.14315450191497803, 0.006124403327703476]
Acc: [0.8842922449111938, -0.014700967818498611, -10.055356979370117]
Gyro:[0.07316883653402328, -0.07333742082118988, 0.1375894993543625]
Mag: [-0.1636064648628235, -0.03401082009077072, -0.15233099460601807]
Vel: [0.48952406644821167, 0.14444807171821594, -0.00307288090698421]
Acc: [-0.2745063900947571, -0.23252101242542267, -9.962413787841797]
Gyro:[0.012483223341405392, -0.08853426575660706, 0.10430937260389328]
Mag: [-0.16554974019527435, -0.03586646914482117, -0.1520613133907318]
Vel: [0.5224825739860535, 0.1449597030878067, -0.006766052916646004]
Acc: [-0.2083195447921753, -0.30830028653144836, -9.95479965209961]
Gyro:[0.0006012432277202606, -0.022141825407743454, 0.14649993181228638]
Mag: [-0.16554974019527435, -0.03586646914482117, -0.1520613133907318]
Vel: [0.5467175245285034, 0.14399491250514984, -0.007131311576813459]
Acc: [-0.11765806376934052, -0.08333168923854828, -9.73998737335205]
Gyro:[-0.005647378042340279, -0.01962020993232727, 0.11859145760536194]
Mag: [-0.16554974019527435, -0.03586646914482117, -0.1520613133907318]
Vel: [0.581802248954773, 0.13884373009204865, -0.0019452320411801338]
Acc: [-0.04663655906915665, -0.08023868501186371, -9.606854438781738]
Gyro:[-0.03939884528517723, 0.015468371100723743, 0.05270608887076378]
Mag: [-0.16796910762786865, -0.03208336979150772, -0.1520882248878479]
Vel: [0.6069998741149902, 0.13217312097549438, 0.003208879381418228]
Acc: [-0.025003749877214432, -0.2197408825159073, -9.826803207397461]
Gyro:[-0.036423083394765854, 0.008042591623961926, -0.01733827218413353]
Mag: [-0.16796910762786865, -0.03208336979150772, -0.1520882248878479]
Vel: [0.6264804005622864, 0.13009825348854065, 0.00924650952219963]
Acc: [0.23926450312137604, -0.007207456976175308, -9.865720748901367]
Gyro:[-0.03427520766854286, -0.01012162584811449, 0.030086733400821686]
Mag: [-0.16796910762786865, -0.03208336979150772, -0.1520882248878479]
Vel: [0.6387529969215393, 0.1290590614080429, 0.010785662569105625]
Acc: [0.88334059715271, -0.3311117887496948, -9.854430198669434]
Gyro:[-0.05823732912540436, -0.004239931702613831, -0.037396058440208435]
Mag: [-0.16796910762786865, -0.03208336979150772, -0.1520882248878479]
Vel: [0.6405811309814453, 0.1368057131767273, 0.010607968084514141]
Acc: [0.49342241883277893, -0.22450755536556244, -9.987763404846191]
Gyro:[0.031975600868463516, -0.003945055417716503, -0.024292737245559692]
Mag: [-0.16957120597362518, -0.03037928231060505, -0.15172994136810303]
Vel: [0.6402348279953003, 0.1393452137708664, -0.0002964666346088052]
Acc: [0.5435881614685059, -0.37876540422439575, -9.807998657226562]
Gyro:[0.04948504641652107, 0.009144426323473454, -0.03355105593800545]
Mag: [-0.16957120597362518, -0.03037928231060505, -0.15172994136810303]
Vel: [0.6390058994293213, 0.1502254456281662, -0.0037251138128340244]
Acc: [1.1532649993896484, -0.4185076355934143, -9.839153289794922]
Gyro:[0.024435345083475113, 0.0043907081708312035, -0.007310530170798302]
Mag: [-0.16957120597362518, -0.03037928231060505, -0.15172994136810303]
Vel: [0.6214004158973694, 0.16241593658924103, -0.008047107607126236]
Acc: [0.5905166864395142, 0.04273233562707901, -9.888384819030762]
Gyro:[-9.527313522994518e-05, -0.07493803650140762, 0.01337215956300497]
Mag: [-0.16957120597362518, -0.03037928231060505, -0.15172994136810303]
Vel: [0.6183925867080688, 0.16338935494422913, -0.011796830222010612]
Acc: [0.4516538083553314, -0.1616256833076477, -9.673524856567383]
Gyro:[0.009484350681304932, -0.0701075866818428, -0.040332257747650146]
Mag: [-0.16957120597362518, -0.03037928231060505, -0.15172994136810303]
Vel: [0.6203404664993286, 0.16504371166229248, -0.00991304311901331]
Acc: [0.8489705920219421, -0.20484264194965363, -9.643818855285645]
Gyro:[-0.01849517785012722, -0.06551168113946915, 0.05008155480027199]
Mag: [-0.16689857840538025, -0.03170805424451828, -0.1492765098810196]
Vel: [0.6139877438545227, 0.1700422465801239, -0.007181651424616575]
Acc: [0.7895689606666565, -0.0642077624797821, -9.63614559173584]
Gyro:[-0.07395977526903152, -0.10855916887521744, 0.0797119289636612]
Mag: [-0.16689857840538025, -0.03170805424451828, -0.1492765098810196]
Vel: [0.6058388352394104, 0.17207327485084534, -0.0019127137493342161]
Acc: [0.6703463792800903, -0.0892539769411087, -9.580410957336426]
Gyro:[-0.07476315647363663, -0.09615147858858109, 0.1588912159204483]
Mag: [-0.16689857840538025, -0.03170805424451828, -0.1492765098810196]
Vel: [0.6005891561508179, 0.16985492408275604, 0.0004452854045666754]
Acc: [0.7335969805717468, -0.011258874088525772, -9.782228469848633]
Gyro:[-0.05103704705834389, -0.11249244213104248, 0.2639327347278595]
Mag: [-0.16909852623939514, -0.03150863200426102, -0.15062715113162994]
Vel: [0.5901737809181213, 0.16723842918872833, -0.002361859893426299]
Acc: [0.7413875460624695, 0.3209433853626251, -10.107258796691895]
Gyro:[-0.05398697406053543, -0.13567379117012024, 0.417470246553421]
Mag: [-0.17078998684883118, -0.029858287423849106, -0.14884711802005768]
Vel: [0.5833967328071594, 0.1611977219581604, -0.0072742304764688015]
Acc: [0.2500736117362976, 0.6190361380577087, -9.907681465148926]
Gyro:[-0.006064431741833687, -0.10324683785438538, 0.5690411329269409]
Mag: [-0.17078998684883118, -0.029858287423849106, -0.14884711802005768]
Vel: [0.5849327445030212, 0.1456049680709839, -0.009343795478343964]
Acc: [0.44446247816085815, 0.5447574853897095, -9.91820240020752]
Gyro:[0.043949272483587265, -0.018172424286603928, 0.8055019378662109]
Mag: [-0.17078998684883118, -0.029858287423849106, -0.14884711802005768]
Vel: [0.5808468461036682, 0.12522819638252258, -0.016838163137435913]
Acc: [0.6818152070045471, 0.8005642890930176, -9.794498443603516]
Gyro:[0.1666894555091858, 0.010340757668018341, 1.1068207025527954]
Mag: [-0.1731899082660675, -0.022740667685866356, -0.14868409931659698]
Vel: [0.5668318271636963, 0.09425780922174454, -0.02092956006526947]
Acc: [0.5005103945732117, 0.492342472076416, -9.751182556152344]
Gyro:[0.14598214626312256, 0.0005422653630375862, 1.2199405431747437]
Mag: [-0.17459741234779358, -0.016951704397797585, -0.14929579198360443]
Vel: [0.5632261037826538, 0.07275763899087906, -0.014742172323167324]
Acc: [0.46283960342407227, 0.6415948271751404, -9.835724830627441]
Gyro:[0.1511419266462326, 0.03800355643033981, 1.4310953617095947]
Mag: [-0.17459741234779358, -0.016951704397797585, -0.14929579198360443]
Vel: [0.5626818537712097, 0.049492184072732925, -0.014268905855715275]
Acc: [0.4091285169124603, 0.40538904070854187, -9.811482429504395]
Gyro:[0.28376221656799316, 0.14591392874717712, 1.8196426630020142]
Mag: [-0.17459741234779358, -0.016951704397797585, -0.14929579198360443]
Vel: [0.5641134977340698, 0.02032947912812233, -0.016730135306715965]
Acc: [0.48663023114204407, -0.41358253359794617, -9.79737663269043]
Gyro:[0.306532621383667, 0.3250596821308136, 2.029658317565918]
Mag: [-0.17642508447170258, 0.00034393108217045665, -0.14896535873413086]
Vel: [0.5742984414100647, 0.008660792373120785, -0.01937127858400345]
Acc: [0.413269579410553, -0.6229066252708435, -10.162474632263184]
Gyro:[0.3582335412502289, 0.1952490359544754, 1.9901195764541626]
Mag: [-0.17088325321674347, 0.020722780376672745, -0.1521294116973877]
Vel: [0.5744397044181824, 0.010862586088478565, -0.02553706429898739]
Acc: [0.6423622369766235, -1.2736167907714844, -9.872712135314941]
Gyro:[0.28374969959259033, 0.24302734434604645, 1.9579966068267822]
Mag: [-0.17088325321674347, 0.020722780376672745, -0.1521294116973877]
Vel: [0.5684725642204285, 0.030073348432779312, -0.03211963176727295]
Acc: [0.8103893399238586, -1.1550190448760986, -9.984358787536621]
Gyro:[0.3584573268890381, 0.12163888663053513, 1.92525315284729]
Mag: [-0.17088325321674347, 0.020722780376672745, -0.1521294116973877]
Vel: [0.5569725632667542, 0.03606748953461647, -0.030673226341605186]
Acc: [-1.4819769859313965, -1.6672356128692627, -8.902215003967285]
Gyro:[0.18696999549865723, 0.17598362267017365, 1.8651535511016846]
Mag: [-0.17088325321674347, 0.020722780376672745, -0.1521294116973877]
Vel: [0.5607580542564392, 0.041828397661447525, -0.03612417355179787]
Acc: [0.15242815017700195, -0.9344874620437622, -9.422713279724121]
Gyro:[0.10064458101987839, 0.00795508548617363, 1.6207342147827148]
Mag: [-0.1612839549779892, 0.05757609382271767, -0.15841622650623322]
Vel: [0.5654737949371338, 0.052826933562755585, -0.027979977428913116]
Acc: [0.5898452401161194, -0.3199257552623749, -9.518786430358887]
Gyro:[0.10676262527704239, 0.23356716334819794, 1.9328786134719849]
Mag: [-0.1612839549779892, 0.05757609382271767, -0.15841622650623322]
Vel: [0.5870217680931091, 0.05153295025229454, -0.02180008962750435]
Acc: [0.9160265922546387, -1.4468612670898438, -9.349727630615234]
Gyro:[-0.2948310971260071, 3.1701676845550537, 2.210359811782837]
Mag: [-0.1612839549779892, 0.05757609382271767, -0.15841622650623322]
Vel: [0.5959576368331909, 0.06654472649097443, -0.01982595957815647]
Acc: [1.328291893005371, -1.8582041263580322, -9.66761302947998]
Gyro:[-0.4357801675796509, -0.6108559370040894, 1.5014207363128662]
Mag: [-0.1612839549779892, 0.05757609382271767, -0.15841622650623322]
Vel: [0.609085738658905, 0.08913254737854004, -0.007274974603205919]
Acc: [0.8147462010383606, -1.0631510019302368, -10.064554214477539]
Gyro:[-0.07794840633869171, -0.13081029057502747, 1.3106355667114258]
Mag: [-0.11453649401664734, 0.09631820768117905, -0.17861226201057434]
Vel: [0.6224100589752197, 0.10306869447231293, -0.010854693129658699]
Acc: [1.8374778032302856, -1.0324363708496094, -9.76722240447998]
Gyro:[0.24670033156871796, 0.22783154249191284, 1.906946063041687]
Mag: [-0.11453649401664734, 0.09631820768117905, -0.17861226201057434]
Vel: [0.6236071586608887, 0.09014470130205154, -0.01083940826356411]
Acc: [0.6015030145645142, -1.5912913084030151, -8.697572708129883]
Gyro:[0.3006027936935425, 0.18376219272613525, 2.3580753803253174]
Mag: [-0.11453649401664734, 0.09631820768117905, -0.17861226201057434]
Vel: [0.6300722360610962, 0.09372725337743759, 0.0070772976614534855]
Acc: [1.846392273902893, -1.748194932937622, -9.102691650390625]
Gyro:[0.1603412926197052, 0.0518089234828949, 1.9741286039352417]
Mag: [-0.11453649401664734, 0.09631820768117905, -0.17861226201057434]
Vel: [0.624512255191803, 0.09281771630048752, 0.019080687314271927]
Acc: [-1.0782917737960815, -2.9234116077423096, -8.160964012145996]
Gyro:[-0.1836451143026352, -0.3283068537712097, 1.7031753063201904]
Mag: [-0.09025388211011887, 0.1086399108171463, -0.1799752414226532]
Vel: [0.6152036190032959, 0.11052370816469193, 0.03532269969582558]
Acc: [-0.8107394576072693, -2.635551691055298, -9.041258811950684]
Gyro:[-0.192749485373497, -0.21949420869350433, 1.6300209760665894]
Mag: [-0.09025388211011887, 0.1086399108171463, -0.1799752414226532]
Vel: [0.6072102189064026, 0.12919363379478455, 0.03507262095808983]
Acc: [-0.5297601819038391, -3.2446722984313965, -7.940196990966797]
Gyro:[-0.42924681305885315, 0.20774370431900024, 1.5947986841201782]
Mag: [-0.09025388211011887, 0.1086399108171463, -0.1799752414226532]
Vel: [0.5818663835525513, 0.14033080637454987, 0.03380148485302925]
Acc: [1.1766703128814697, -2.534820556640625, -9.673084259033203]
Gyro:[-0.4816835820674896, -0.16916869580745697, 1.3399648666381836]
Mag: [-0.09025388211011887, 0.1086399108171463, -0.1799752414226532]
Vel: [0.558019757270813, 0.15039169788360596, 0.02277206815779209]
Acc: [2.334505319595337, -1.099959135055542, -10.883039474487305]
Gyro:[-0.41765451431274414, -0.2067522555589676, 1.1739035844802856]
Mag: [-0.06994497030973434, 0.1336733102798462, -0.17280809581279755]
Vel: [0.5433669686317444, 0.13382841646671295, 0.001770004048012197]
Acc: [1.0769250392913818, -1.395581603050232, -9.639512062072754]
Gyro:[-0.21591021120548248, -0.4379406273365021, 1.3410011529922485]
Mag: [-0.06994497030973434, 0.1336733102798462, -0.17280809581279755]
Vel: [0.5435460805892944, 0.11373518407344818, 0.00032447301782667637]
Acc: [1.247348666191101, -1.3945614099502563, -9.940817832946777]
Gyro:[-0.48835670948028564, -0.5436335206031799, 1.5320312976837158]
Mag: [-0.06994497030973434, 0.1336733102798462, -0.17280809581279755]
Vel: [0.5326877236366272, 0.08756672590970993, 0.009974613785743713]
Acc: [-0.46198350191116333, -1.9596295356750488, -9.459994316101074]
Gyro:[-0.7531609535217285, -0.5865759253501892, 2.0716216564178467]
Mag: [-0.06994497030973434, 0.1336733102798462, -0.17280809581279755]
Vel: [0.5108182430267334, 0.07390254735946655, 0.01694338209927082]
Acc: [-1.8919322490692139, -2.110267162322998, -9.416617393493652]
Gyro:[-0.8272653222084045, -0.5012314319610596, 1.6087539196014404]
Mag: [-0.06021736189723015, 0.14247123897075653, -0.1682870239019394]
Vel: [0.5042437314987183, 0.12283404916524887, 0.001990265678614378]
Acc: [-1.0627985000610352, -0.4619082808494568, -9.761750221252441]
Gyro:[-0.48083385825157166, -0.026079494506120682, 0.5698804259300232]
Mag: [-0.049253564327955246, 0.15237370133399963, -0.16129370033740997]
Vel: [0.5129244923591614, 0.14061342179775238, -0.013285903260111809]
Acc: [-0.8427826166152954, -0.4330066442489624, -10.374617576599121]
Gyro:[-0.3315334916114807, -0.1643289476633072, 0.568095862865448]
Mag: [-0.049253564327955246, 0.15237370133399963, -0.16129370033740997]
Vel: [0.5173839330673218, 0.15172094106674194, -0.01945260725915432]
Acc: [-0.4340519607067108, -1.0177241563796997, -9.691177368164062]
Gyro:[-0.167373925447464, -0.03242727369070053, 0.3824669420719147]
Mag: [-0.049253564327955246, 0.15237370133399963, -0.16129370033740997]
Vel: [0.5015820860862732, 0.17109258472919464, -0.02283298783004284]
Acc: [0.34916555881500244, -1.0674630403518677, -9.609304428100586]
Gyro:[-0.07831571996212006, -0.16190849244594574, 0.47415831685066223]
Mag: [-0.042010627686977386, 0.1620035469532013, -0.15686249732971191]
Vel: [0.4914399981498718, 0.16533924639225006, -0.020927809178829193]
Acc: [-1.4220374822616577, -1.3486450910568237, -9.8821382522583]
Gyro:[0.009911647066473961, -0.1477595716714859, 0.4492664337158203]
Mag: [-0.03767169266939163, 0.16430644690990448, -0.1527642011642456]
Vel: [0.4728235900402069, 0.19059890508651733, -0.02674442157149315]
Acc: [-1.2468066215515137, -1.8223642110824585, -9.700886726379395]
Gyro:[-0.13354898989200592, -0.0698954164981842, -0.11000550538301468]
Mag: [-0.03767169266939163, 0.16430644690990448, -0.1527642011642456]
Vel: [0.4294421672821045, 0.23774459958076477, -0.02854018844664097]
Acc: [-1.1792538166046143, -1.2031970024108887, -9.921672821044922]
Gyro:[-0.13327917456626892, -0.013772251084446907, -0.11728612333536148]
Mag: [-0.03767169266939163, 0.16430644690990448, -0.1527642011642456]
Vel: [0.40948864817619324, 0.25516438484191895, -0.03115214966237545]
Acc: [-0.90208500623703, -1.012878656387329, -9.786470413208008]
Gyro:[-0.1012040451169014, 0.07926958054304123, 0.07970297336578369]
Mag: [-0.033845409750938416, 0.1674259454011917, -0.15259964764118195]
Vel: [0.3924131393432617, 0.2702544927597046, -0.03355138748884201]
Acc: [-0.21437788009643555, -0.8493288159370422, -9.421323776245117]
Gyro:[-0.10639499872922897, 0.012932993471622467, -0.10016137361526489]
Mag: [-0.033845409750938416, 0.1674259454011917, -0.15259964764118195]
Vel: [0.38415879011154175, 0.27022290229797363, -0.031684234738349915]
Acc: [-0.7402593493461609, -0.6133888363838196, -9.96513557434082]
Gyro:[-0.02211483009159565, 0.025642210617661476, 0.04815114289522171]
Mag: [-0.033845409750938416, 0.1674259454011917, -0.15259964764118195]
Vel: [0.38040778040885925, 0.2779601216316223, -0.034736666828393936]
Acc: [-1.1989824771881104, -0.5294069647789001, -9.517986297607422]
Gyro:[-0.014718362130224705, 0.019617153331637383, -0.09879034012556076]
Mag: [-0.033845409750938416, 0.1674259454011917, -0.15259964764118195]
Vel: [0.38111841678619385, 0.29755520820617676, -0.03176524490118027]
Acc: [-0.8581536412239075, -0.9679391384124756, -9.757600784301758]
Gyro:[-0.025366170331835747, 0.0750032588839531, -0.20171710848808289]
Mag: [-0.033845409750938416, 0.1674259454011917, -0.15259964764118195]
Vel: [0.3612341582775116, 0.3153568506240845, -0.03463486209511757]
Acc: [-0.5906813740730286, -0.3830135762691498, -9.911188125610352]
Gyro:[0.005373483523726463, 0.12330140918493271, -0.20241227746009827]
Mag: [-0.03624740242958069, 0.16557782888412476, -0.15157990157604218]
Vel: [0.357809454202652, 0.32049620151519775, -0.041360970586538315]
Acc: [-0.23002366721630096, -0.9440687298774719, -9.88428020477295]
Gyro:[-0.0003055795095860958, 0.17807543277740479, -0.20606473088264465]
Mag: [-0.03624740242958069, 0.16557782888412476, -0.15157990157604218]
Vel: [0.3443102538585663, 0.3273828327655792, -0.039382100105285645]
Acc: [-0.06932215392589569, -0.7923100590705872, -9.888290405273438]
Gyro:[-0.012282101437449455, 0.20075581967830658, -0.22621004283428192]
Mag: [-0.03624740242958069, 0.16557782888412476, -0.15157990157604218]
Vel: [0.33461934328079224, 0.31080037355422974, -0.04439915344119072]
Acc: [0.24007663130760193, -0.3737267553806305, -9.821772575378418]
Gyro:[0.0874548926949501, 0.3530552089214325, -0.06276945024728775]
Mag: [-0.03666624799370766, 0.1670537292957306, -0.15248644351959229]
Vel: [0.33234962821006775, 0.294664591550827, -0.04724744334816933]
Acc: [0.3894197642803192, -0.3513214588165283, -9.587099075317383]
Gyro:[-0.020726963877677917, 0.08418525755405426, -0.11011850833892822]
Mag: [-0.03778010234236717, 0.16808216273784637, -0.15363909304141998]
Vel: [0.3265378475189209, 0.2757183909416199, -0.04165104031562805]
Acc: [0.687127947807312, -0.6006078124046326, -10.440523147583008]
Gyro:[0.029464004561305046, 0.9851555228233337, -0.7103688716888428]
Mag: [-0.03778010234236717, 0.16808216273784637, -0.15363909304141998]
Vel: [0.3149329423904419, 0.25892460346221924, -0.042982280254364014]
Acc: [0.6976365447044373, -0.7693946957588196, -9.707385063171387]
Gyro:[0.22282427549362183, -0.062201350927352905, -0.16257378458976746]
Mag: [-0.03778010234236717, 0.16808216273784637, -0.15363909304141998]
Vel: [0.3027637004852295, 0.24437758326530457, -0.045868244022130966]
Acc: [0.5348720550537109, -1.297894835472107, -9.802382469177246]
Gyro:[0.14513368904590607, -0.1454361528158188, 0.0890587791800499]
Mag: [-0.03391556814312935, 0.16394099593162537, -0.1537707895040512]
Vel: [0.269326776266098, 0.22857043147087097, -0.047343552112579346]
Acc: [0.6560627222061157, -1.0546554327011108, -10.072073936462402]
Gyro:[0.14394505321979523, -0.0813843309879303, -0.04077659547328949]
Mag: [-0.03538376837968826, 0.16629521548748016, -0.1580229550600052]
Vel: [0.25359046459198, 0.22001463174819946, -0.053340714424848557]
Acc: [0.5372326374053955, -1.1914750337600708, -9.606904983520508]
Gyro:[0.0705740749835968, -0.13826477527618408, 0.07410802692174911]
Mag: [-0.03538376837968826, 0.16629521548748016, -0.1580229550600052]
Vel: [0.23238468170166016, 0.20753905177116394, -0.052300382405519485]
Acc: [0.7208131551742554, -0.7873037457466125, -9.754842758178711]
Gyro:[0.015212694182991982, -0.06696458160877228, 0.24715720117092133]
Mag: [-0.03538376837968826, 0.16629521548748016, -0.1580229550600052]
Vel: [0.22120316326618195, 0.19696377217769623, -0.05440056696534157]
Acc: [0.41354143619537354, -0.9265706539154053, -9.990857124328613]
Gyro:[-0.13709165155887604, 0.1428021788597107, -0.18014700710773468]
Mag: [-0.03341026231646538, 0.16219881176948547, -0.15566085278987885]
Vel: [0.2090238779783249, 0.1958511918783188, -0.051662031561136246]
Acc: [0.13106130063533783, -1.2842161655426025, -9.930295944213867]
Gyro:[-0.034553252160549164, 0.034053605049848557, -0.06780266016721725]
Mag: [-0.03244410455226898, 0.1597250998020172, -0.158054918050766]
Vel: [0.18796047568321228, 0.1864739954471588, -0.05477198585867882]
Acc: [0.4075501263141632, -0.684144139289856, -9.847731590270996]
Gyro:[0.031415905803442, -0.10135366767644882, 0.0910743847489357]
Mag: [-0.03244410455226898, 0.1597250998020172, -0.158054918050766]
Vel: [0.18535667657852173, 0.18194948136806488, -0.0523129440844059]
Acc: [0.34888866543769836, -0.5933001637458801, -9.582318305969238]
Gyro:[0.03152437508106232, -0.09363650530576706, 0.0864102691411972]
Mag: [-0.03244410455226898, 0.1597250998020172, -0.158054918050766]
Vel: [0.17877764999866486, 0.16503816843032837, -0.04367664456367493]
Acc: [-0.4647955596446991, -0.382686585187912, -9.865205764770508]
Gyro:[0.048531945794820786, -0.1288512796163559, -0.051271796226501465]
Mag: [-0.03244410455226898, 0.1597250998020172, -0.158054918050766]
Vel: [0.1825859099626541, 0.16533438861370087, -0.04487546905875206]
Acc: [0.18428771197795868, -0.5847737789154053, -9.6583833694458]
Gyro:[0.08008001744747162, 0.003476560115814209, -0.05167262256145477]
Mag: [-0.03212616592645645, 0.16008871793746948, -0.15562215447425842]
Vel: [0.1764320731163025, 0.16258999705314636, -0.03802245482802391]
Acc: [0.16119882464408875, -0.9902225732803345, -9.482524871826172]
Gyro:[0.09225604683160782, 0.022029094398021698, -0.03515816479921341]
Mag: [-0.03212616592645645, 0.16008871793746948, -0.15562215447425842]
Vel: [0.16446664929389954, 0.1595204472541809, -0.02769612893462181]
Acc: [-0.28136467933654785, -0.7697283029556274, -10.094751358032227]
Gyro:[0.006570051424205303, -0.023636477068066597, -0.11571311950683594]
Mag: [-0.03212616592645645, 0.16008871793746948, -0.15562215447425842]
Vel: [0.15778978168964386, 0.164476677775383, -0.031915511935949326]
Acc: [0.3799770772457123, -0.7650191187858582, -10.02291202545166]
Gyro:[0.06959927082061768, 0.02316153421998024, -0.072269506752491]
Mag: [-0.03212616592645645, 0.16008871793746948, -0.15562215447425842]
Vel: [0.15955697000026703, 0.16057556867599487, -0.03862857073545456]
Acc: [0.12841476500034332, -1.1023097038269043, -10.12214469909668]
Gyro:[0.09909633547067642, 0.0011625820770859718, -0.03815386816859245]
Mag: [-0.03277766332030296, 0.15912406146526337, -0.1571183204650879]
Vel: [0.15027520060539246, 0.16418787837028503, -0.04789957404136658]
Acc: [0.3416493833065033, -1.5168144702911377, -9.76974105834961]
Gyro:[0.12868252396583557, 0.04122133180499077, -0.08423802256584167]
Mag: [-0.03277766332030296, 0.15912406146526337, -0.1571183204650879]
Vel: [0.13071639835834503, 0.16471007466316223, -0.05433061718940735]
Acc: [0.2849806249141693, -1.6651896238327026, -9.781096458435059]
Gyro:[0.08655040711164474, 0.02027202770113945, -0.09234227985143661]
Mag: [-0.03277766332030296, 0.15912406146526337, -0.1571183204650879]
Vel: [0.10108409821987152, 0.16881614923477173, -0.05582471191883087]
Acc: [0.15818582475185394, -0.9481809139251709, -10.19868278503418]
Gyro:[0.06673751771450043, 0.01210750825703144, -0.01813017949461937]
Mag: [-0.03277766332030296, 0.15912406146526337, -0.1571183204650879]
Vel: [0.09421103447675705, 0.1670641154050827, -0.06326096504926682]
Acc: [0.3578062057495117, -1.499092698097229, -9.657760620117188]
Gyro:[0.04389194771647453, -0.009826146066188812, 0.00600467249751091]
Mag: [-0.032869528979063034, 0.15619666874408722, -0.15996897220611572]
Vel: [0.0740264356136322, 0.1599595695734024, -0.06228935346007347]
Acc: [0.2192152440547943, -1.0445175170898438, -9.456927299499512]
Gyro:[0.014091769233345985, -0.07468900084495544, 0.005396855063736439]
Mag: [-0.032869528979063034, 0.15619666874408722, -0.15996897220611572]
Vel: [0.060126401484012604, 0.1534542441368103, -0.0642462819814682]
Acc: [-0.1986299455165863, -0.8617216944694519, -9.891810417175293]
Gyro:[0.008365089073777199, -0.10367810726165771, 0.02932942472398281]
Mag: [-0.032869528979063034, 0.15619666874408722, -0.15996897220611572]
Vel: [0.051928162574768066, 0.14887723326683044, -0.06285234540700912]
Acc: [-0.10474811494350433, -1.2914153337478638, -9.636995315551758]
Gyro:[0.018014952540397644, -0.05063490569591522, 0.1083478033542633]
Mag: [-0.032869528979063034, 0.15619666874408722, -0.15996897220611572]
Vel: [0.04054001718759537, 0.15479597449302673, -0.0599251464009285]
Acc: [-0.1999991089105606, -1.493837833404541, -9.561180114746094]
Gyro:[0.03476697579026222, 0.021623028442263603, -0.034501370042562485]
Mag: [-0.03180142492055893, 0.15486253798007965, -0.1574138104915619]
Vel: [0.021942952647805214, 0.16318395733833313, -0.055674970149993896]
Acc: [-0.050545163452625275, -1.3992749452590942, -9.32520580291748]
Gyro:[0.0302597489207983, 0.05534881725907326, -0.05933946371078491]
Mag: [-0.03180142492055893, 0.15486253798007965, -0.1574138104915619]
Vel: [0.001357624540105462, 0.16966703534126282, -0.047883130609989166]
Acc: [-0.3582935929298401, -0.9050061702728271, -9.644254684448242]
Gyro:[-0.05315064638853073, 0.009730683639645576, 0.11140904575586319]
Mag: [-0.03180142492055893, 0.15486253798007965, -0.1574138104915619]
Vel: [-0.005990955512970686, 0.18044179677963257, -0.043489839881658554]
Acc: [-0.19589228928089142, -1.4285346269607544, -9.930970191955566]
Gyro:[-0.04419304430484772, 0.06136837974190712, -0.06991399824619293]
Mag: [-0.03180142492055893, 0.15486253798007965, -0.1574138104915619]
Vel: [-0.01682191528379917, 0.19352838397026062, -0.043934743851423264]
Acc: [0.019539106637239456, -1.3869543075561523, -9.339632034301758]
Gyro:[0.02534518949687481, 0.04217705875635147, -0.2253970056772232]
Mag: [-0.033829428255558014, 0.15372911095619202, -0.15715625882148743]
Vel: [-0.03723897784948349, 0.19426260888576508, -0.037765052169561386]
Acc: [-0.23732323944568634, -1.041703224182129, -10.008903503417969]
Gyro:[-0.048741407692432404, -0.11181731522083282, 0.09948651492595673]
Mag: [-0.03191639855504036, 0.15490961074829102, -0.15880142152309418]
Vel: [-0.040953755378723145, 0.19766291975975037, -0.0419100746512413]
Acc: [-0.6811724901199341, -1.1172571182250977, -10.280487060546875]
Gyro:[-0.13595400750637054, -0.24399720132350922, 0.12453755736351013]
Mag: [-0.03191639855504036, 0.15490961074829102, -0.15880142152309418]
Vel: [-0.04111887887120247, 0.20850440859794617, -0.04698016494512558]
Acc: [-0.5934755802154541, -1.0613595247268677, -10.127049446105957]
Gyro:[0.12056806683540344, -0.05437905341386795, -0.015623531304299831]
Mag: [-0.03191639855504036, 0.15490961074829102, -0.15880142152309418]
Vel: [-0.04314196854829788, 0.226418137550354, -0.05995287746191025]
Acc: [-0.8787305951118469, -1.1132540702819824, -9.660846710205078]
Gyro:[0.10154126584529877, -0.011738366447389126, -0.007723512127995491]
Mag: [-0.03328181058168411, 0.15279054641723633, -0.15620164573192596]
Vel: [-0.048389945179224014, 0.24583700299263, -0.058541201055049896]
Acc: [-0.30736908316612244, -0.5720149278640747, -9.739169120788574]
Gyro:[0.0017216986743733287, -0.07100942730903625, 0.12075483798980713]
Mag: [-0.0350843109190464, 0.15780559182167053, -0.156700000166893]
Vel: [-0.048920199275016785, 0.2531437575817108, -0.0555630587041378]
Acc: [0.13411371409893036, -0.8542665839195251, -9.52793025970459]
Gyro:[-0.012932033278048038, -0.15658588707447052, 0.09047216176986694]
Mag: [-0.0350843109190464, 0.15780559182167053, -0.156700000166893]
Vel: [-0.04832528904080391, 0.249724879860878, -0.04173482954502106]
Acc: [-0.5366777777671814, -0.9636051654815674, -9.765225410461426]
Gyro:[-0.21790635585784912, -0.2756679654121399, 0.053140975534915924]
Mag: [-0.0350843109190464, 0.15780559182167053, -0.156700000166893]
Vel: [-0.055812008678913116, 0.2571488618850708, -0.03642689064145088]
Acc: [-0.3703322410583496, -1.2197065353393555, -9.66812515258789]
Gyro:[-0.12464508414268494, -0.22906145453453064, -0.2339973747730255]
Mag: [-0.037344444543123245, 0.15369433164596558, -0.1529054492712021]
Vel: [-0.08610367774963379, 0.27024394273757935, -0.0413217656314373]
Acc: [-0.5596379637718201, -0.5434762239456177, -9.668243408203125]
Gyro:[-0.1421280950307846, -0.14507757127285004, -0.07425101101398468]
Mag: [-0.037344444543123245, 0.15369433164596558, -0.1529054492712021]
Vel: [-0.08544788509607315, 0.27516788244247437, -0.03892895206809044]
Acc: [-0.3844216763973236, -0.6126829981803894, -9.76152229309082]
Gyro:[-0.05436082184314728, -0.052865542471408844, 0.07453378289937973]
Mag: [-0.037344444543123245, 0.15369433164596558, -0.1529054492712021]
Vel: [-0.07722009718418121, 0.27773770689964294, -0.039183370769023895]
Acc: [-0.1456996649503708, -1.0764490365982056, -9.627928733825684]
Gyro:[-0.022165829315781593, 0.1396256536245346, 0.17726004123687744]
Mag: [-0.037344444543123245, 0.15369433164596558, -0.1529054492712021]
Vel: [-0.083558090031147, 0.2736891210079193, -0.03828095644712448]
Acc: [-0.33595678210258484, -1.530438780784607, -9.755156517028809]
Gyro:[-0.07076990604400635, 0.1906750202178955, 0.07881350070238113]
Mag: [-0.037344444543123245, 0.15369433164596558, -0.1529054492712021]
Vel: [-0.10107037425041199, 0.2718660533428192, -0.038435690104961395]
Acc: [-0.00988874863833189, -0.9296752214431763, -9.86579418182373]
Gyro:[-0.0382893905043602, 0.2016179859638214, 0.19918151199817657]
Mag: [-0.03596052899956703, 0.15437564253807068, -0.1503395438194275]
Vel: [-0.1102444976568222, 0.2681479752063751, -0.038379520177841187]
Acc: [0.1328919678926468, -1.087342381477356, -9.679129600524902]
Gyro:[-0.056566547602415085, -0.09264181554317474, 0.3415350914001465]
Mag: [-0.03596052899956703, 0.15437564253807068, -0.1503395438194275]
Vel: [-0.11933884769678116, 0.2574126124382019, -0.029855990782380104]
Acc: [-0.6884036660194397, -0.9723008275032043, -10.136735916137695]
Gyro:[-0.09278701990842819, -0.12317737936973572, 0.3167549669742584]
Mag: [-0.03596052899956703, 0.15437564253807068, -0.1503395438194275]
Vel: [-0.12419251352548599, 0.2727956473827362, -0.0386124923825264]
Acc: [-0.3777531683444977, -0.828117847442627, -9.704954147338867]
Gyro:[0.13940902054309845, -0.06395961344242096, 0.09771227091550827]
Mag: [-0.03596052899956703, 0.15437564253807068, -0.1503395438194275]
Vel: [-0.12599708139896393, 0.2809452414512634, -0.040145646780729294]
Acc: [-0.7285788655281067, -1.0125056505203247, -9.771018981933594]
Gyro:[0.14623144268989563, -0.16908758878707886, -0.015343963168561459]
Mag: [-0.029980216175317764, 0.15834619104862213, -0.15068572759628296]
Vel: [-0.12983426451683044, 0.29002460837364197, -0.036153875291347504]
Acc: [-0.5554260611534119, -0.9352225661277771, -9.820613861083984]
Gyro:[0.15011170506477356, -0.07929179072380066, -0.12730833888053894]
Mag: [-0.029980216175317764, 0.15834619104862213, -0.15068572759628296]
Vel: [-0.12765465676784515, 0.30056849122047424, -0.04485826566815376]
Acc: [-0.7031487226486206, -0.8649044036865234, -9.828217506408691]
Gyro:[-0.07896136492490768, 0.019722558557987213, -0.21780888736248016]
Mag: [-0.029980216175317764, 0.15834619104862213, -0.15068572759628296]
Vel: [-0.1288624256849289, 0.3078038692474365, -0.047385964542627335]
Acc: [-0.804318368434906, -1.063333511352539, -9.369027137756348]
Gyro:[-0.3175216615200043, 0.03893766552209854, -0.089471735060215]
Mag: [-0.030402611941099167, 0.15773579478263855, -0.15046584606170654]
Vel: [-0.13108038902282715, 0.3158308267593384, -0.037828847765922546]
Acc: [-0.49696195125579834, -0.9119213223457336, -9.88700008392334]
Gyro:[-0.3869643211364746, 0.04211185500025749, -0.2063232958316803]
Mag: [-0.03173423931002617, 0.158087819814682, -0.14791174232959747]
Vel: [-0.13724778592586517, 0.3221460282802582, -0.05109575763344765]
Acc: [-0.418011873960495, -0.8299235105514526, -9.877419471740723]
Gyro:[-0.26373937726020813, 0.2185807228088379, -0.4177425503730774]
Mag: [-0.03173423931002617, 0.158087819814682, -0.14791174232959747]
Vel: [-0.14343799650669098, 0.32989710569381714, -0.0579705610871315]
Acc: [-0.19815343618392944, -0.37717241048812866, -9.716547012329102]
Gyro:[-0.059401512145996094, 0.33284109830856323, -0.3737061023712158]
Mag: [-0.03173423931002617, 0.158087819814682, -0.14791174232959747]
Vel: [-0.1411418914794922, 0.33177676796913147, -0.06757814437150955]
Acc: [-0.06254793703556061, -0.4717763662338257, -9.571026802062988]
Gyro:[-0.21344628930091858, 0.23764668405056, -0.12109518051147461]
Mag: [-0.03299568220973015, 0.16051475703716278, -0.14612829685211182]
Vel: [-0.14072182774543762, 0.3247017562389374, -0.060812778770923615]
Acc: [-0.09559909254312515, -0.7824578285217285, -9.829530715942383]
Gyro:[-0.27125251293182373, 0.05242128670215607, -0.07790534943342209]
Mag: [-0.03253907337784767, 0.16504113376140594, -0.1449345052242279]
Vel: [-0.14970505237579346, 0.32654017210006714, -0.054823387414216995]
Acc: [-0.29648688435554504, -0.47248879075050354, -10.296835899353027]
Gyro:[-0.19442619383335114, 0.2456415891647339, -0.028427213430404663]
Mag: [-0.03253907337784767, 0.16504113376140594, -0.1449345052242279]
Vel: [-0.15555188059806824, 0.33854806423187256, -0.05928359180688858]
Acc: [-0.010837730951607227, -0.6499485969543457, -9.999536514282227]
Gyro:[-0.14279213547706604, 0.23408642411231995, -0.006601090542972088]
Mag: [-0.03253907337784767, 0.16504113376140594, -0.1449345052242279]
Vel: [-0.16474981606006622, 0.3457469344139099, -0.06544692814350128]
Acc: [0.38500046730041504, -0.7188556790351868, -9.799237251281738]
Gyro:[-0.06863649934530258, 0.2668943405151367, -0.00012227101251482964]
Mag: [-0.03253907337784767, 0.16504113376140594, -0.1449345052242279]
Vel: [-0.17551963031291962, 0.34379589557647705, -0.06555896252393723]
Acc: [0.33001160621643066, -0.30075621604919434, -10.506216049194336]
Gyro:[0.0022248695604503155, 0.1261405199766159, 0.08044702559709549]
Mag: [-0.027931857854127884, 0.16671644151210785, -0.14006729423999786]
Vel: [-0.18313990533351898, 0.34485381841659546, -0.07536565512418747]
Acc: [-0.2452211230993271, -0.49759361147880554, -9.808591842651367]
Gyro:[0.13524581491947174, 0.19194911420345306, 0.0008392333984375]
Mag: [-0.027931857854127884, 0.16671644151210785, -0.14006729423999786]
Vel: [-0.1908395141363144, 0.36366361379623413, -0.07946188002824783]
Acc: [0.04818342626094818, -0.37293606996536255, -9.840914726257324]
Gyro:[0.03912521153688431, 0.17509572207927704, -0.15338481962680817]
Mag: [-0.027931857854127884, 0.16671644151210785, -0.14006729423999786]
Vel: [-0.19505873322486877, 0.3704321086406708, -0.0716792494058609]
Acc: [1.03657865524292, 0.03205711394548416, -9.024091720581055]
Gyro:[-0.19193243980407715, -0.1717044562101364, 0.13939198851585388]
Mag: [-0.027931857854127884, 0.16671644151210785, -0.14006729423999786]
Vel: [-0.19404025375843048, 0.35848739743232727, -0.05335889384150505]
Acc: [0.837192177772522, 0.032920487225055695, -9.585081100463867]
Gyro:[-0.29349827766418457, -0.3324110507965088, 0.4279842972755432]
Mag: [-0.033168379217386246, 0.16783742606639862, -0.14081957936286926]
Vel: [-0.19491849839687347, 0.3400299549102783, -0.04032091051340103]
Acc: [-0.2584047317504883, -0.05435406044125557, -10.128071784973145]
Gyro:[-0.2390631139278412, -0.27445390820503235, 0.3440622389316559]
Mag: [-0.033168379217386246, 0.16783742606639862, -0.14081957936286926]
Vel: [-0.19906088709831238, 0.3522321283817291, -0.0418567918241024]
Acc: [-0.07614950090646744, -0.12607763707637787, -9.963521003723145]
Gyro:[-0.054236408323049545, -0.23518578708171844, 0.23298998177051544]
Mag: [-0.033168379217386246, 0.16783742606639862, -0.14081957936286926]
Vel: [-0.20207111537456512, 0.3612428605556488, -0.04537881165742874]
Acc: [-0.06974419951438904, 0.12448492646217346, -9.944066047668457]
Gyro:[0.06668518483638763, -0.24191182851791382, 0.42353683710098267]
Mag: [-0.033168379217386246, 0.16783742606639862, -0.14081957936286926]
Vel: [-0.2016800493001938, 0.3500375747680664, -0.05312085524201393]
Acc: [-0.3111284077167511, 0.045024801045656204, -10.050806999206543]
Gyro:[0.06222962960600853, -0.20366230607032776, 0.3825695514678955]
Mag: [-0.026707308366894722, 0.17041973769664764, -0.1337980180978775]
Vel: [-0.1984071284532547, 0.35599198937416077, -0.06252039223909378]
Acc: [0.16518571972846985, -0.1501486897468567, -9.92448616027832]
Gyro:[0.18923017382621765, -0.1894657164812088, 0.1601497232913971]
Mag: [-0.026707308366894722, 0.17041973769664764, -0.1337980180978775]
Vel: [-0.20435088872909546, 0.35666516423225403, -0.06996142119169235]
Acc: [0.054556772112846375, -0.29551684856414795, -9.638314247131348]
Gyro:[-0.0228953268378973, -0.10202331095933914, 0.05497553199529648]
Mag: [-0.026707308366894722, 0.17041973769664764, -0.1337980180978775]
Vel: [-0.20907506346702576, 0.3562396168708801, -0.06953724473714828]
Acc: [0.17545345425605774, -0.2135765254497528, -9.428141593933105]
Gyro:[-0.18278484046459198, -0.2195233851671219, 0.2496943324804306]
Mag: [-0.026707308366894722, 0.17041973769664764, -0.1337980180978775]
Vel: [-0.21358038485050201, 0.34229230880737305, -0.06076574698090553]
Acc: [-0.5598410964012146, -0.37983641028404236, -9.956672668457031]
Gyro:[-0.30042126774787903, -0.09458118677139282, 0.1865745186805725]
Mag: [-0.03167951852083206, 0.17600874602794647, -0.13212649524211884]
Vel: [-0.21870878338813782, 0.3450981676578522, -0.058957915753126144]
Acc: [-0.7121493220329285, -0.40599584579467773, -9.998655319213867]
Gyro:[-0.12380991876125336, 0.12625735998153687, -0.07307707518339157]
Mag: [-0.03167951852083206, 0.17600874602794647, -0.13212649524211884]
Vel: [-0.23095513880252838, 0.36627230048179626, -0.06396844983100891]
Acc: [-0.7791265845298767, -0.3092612624168396, -9.966880798339844]
Gyro:[0.002134624868631363, 0.23493756353855133, -0.1904582381248474]
Mag: [-0.03167951852083206, 0.17600874602794647, -0.13212649524211884]
Vel: [-0.2372380644083023, 0.38045570254325867, -0.06996753066778183]
Acc: [-0.8721501231193542, 0.07552690804004669, -9.743277549743652]
Gyro:[0.27549082040786743, 0.11151600629091263, -0.27561667561531067]
Mag: [-0.03167951852083206, 0.17600874602794647, -0.13212649524211884]
Vel: [-0.23867210745811462, 0.39281249046325684, -0.07380975037813187]
Acc: [-0.8042744994163513, -0.33539435267448425, -10.277688026428223]
Gyro:[0.3530893921852112, 0.15753015875816345, -0.27427011728286743]
Mag: [-0.029169593006372452, 0.17287229001522064, -0.12966296076774597]
Vel: [-0.23891407251358032, 0.41734224557876587, -0.0813106819987297]
Acc: [-0.6197378635406494, -0.39133572578430176, -9.741106033325195]
Gyro:[0.5339629054069519, 0.16122449934482574, -0.16497290134429932]
Mag: [-0.0317142978310585, 0.17136916518211365, -0.13177497684955597]
Vel: [-0.24358311295509338, 0.43283429741859436, -0.08014339953660965]
Acc: [-0.27973201870918274, -0.5171250104904175, -9.065927505493164]
Gyro:[0.23393796384334564, 0.16445107758045197, -0.029997603967785835]
Mag: [-0.0317142978310585, 0.17136916518211365, -0.13177497684955597]
Vel: [-0.2455308884382248, 0.441219687461853, -0.06573180854320526]
Acc: [-0.046193383634090424, -0.7926319241523743, -9.78339672088623]
Gyro:[0.02852463722229004, 0.02928374893963337, 0.2487344890832901]
Mag: [-0.0317142978310585, 0.17136916518211365, -0.13177497684955597]
Vel: [-0.249820277094841, 0.44849640130996704, -0.06516917049884796]
Acc: [-0.5942928791046143, -1.018767237663269, -9.980445861816406]
Gyro:[0.08714060485363007, 0.22721809148788452, 0.07603535801172256]
Mag: [-0.03221238777041435, 0.16629824042320251, -0.13697302341461182]
Vel: [-0.257871150970459, 0.46076124906539917, -0.06954552978277206]
Acc: [-0.22367767989635468, -0.44093945622444153, -9.897254943847656]
Gyro:[0.17158029973506927, -0.029547937214374542, 0.1962154656648636]
Mag: [-0.03221238777041435, 0.16629824042320251, -0.13697302341461182]
Vel: [-0.26167723536491394, 0.46879127621650696, -0.06380714476108551]
Acc: [-0.33475178480148315, -0.6783236861228943, -9.546737670898438]
Gyro:[0.05295246094465256, 0.09931845963001251, 0.2972649335861206]
Mag: [-0.03221238777041435, 0.16629824042320251, -0.13697302341461182]
Vel: [-0.26248204708099365, 0.4766889810562134, -0.05588391050696373]
Acc: [-0.1068940982222557, -0.8415263891220093, -9.75188159942627]
Gyro:[0.012016480788588524, 0.23170864582061768, 0.1965738832950592]
Mag: [-0.03221238777041435, 0.16629824042320251, -0.13697302341461182]
Vel: [-0.2680622637271881, 0.4847909212112427, -0.05127327889204025]
Acc: [-0.47799891233444214, -0.5184088349342346, -10.034598350524902]
Gyro:[0.08805316686630249, -0.15376055240631104, 0.24506868422031403]
Mag: [-0.02793235331773758, 0.16683314740657806, -0.13884347677230835]
Vel: [-0.2660942077636719, 0.5036640167236328, -0.052427466958761215]
Acc: [-0.3953186273574829, -0.5237968564033508, -9.80569839477539]
Gyro:[-0.015110919252038002, -0.08015163242816925, 0.18821729719638824]
Mag: [-0.026857180520892143, 0.16319897770881653, -0.1381995528936386]
Vel: [-0.2643229365348816, 0.5138326287269592, -0.05144398659467697]
Acc: [-0.45304790139198303, -0.6335943937301636, -9.930035591125488]
Gyro:[-0.05954701080918312, -0.030917104333639145, 0.12937062978744507]
Mag: [-0.026857180520892143, 0.16319897770881653, -0.1381995528936386]
Vel: [-0.2669759690761566, 0.5294645428657532, -0.05598040297627449]
Acc: [-0.354656457901001, -0.7335071563720703, -10.036894798278809]
Gyro:[-0.04384133964776993, 0.028068799525499344, 0.03414686769247055]
Mag: [-0.026857180520892143, 0.16319897770881653, -0.1381995528936386]
Vel: [-0.2731000483036041, 0.5494879484176636, -0.0590968057513237]
Acc: [-0.4765178859233856, -0.7579404711723328, -10.08513069152832]
Gyro:[0.02994481474161148, -0.00537156593054533, 0.011271808296442032]
Mag: [-0.026857180520892143, 0.16319897770881653, -0.1381995528936386]
Vel: [-0.27676618099212646, 0.5626628994941711, -0.06407254934310913]
Acc: [-0.04749148711562157, -0.6933187246322632, -9.82371711730957]
Gyro:[0.12018288671970367, -0.0664607360959053, -0.0034046550281345844]
Mag: [-0.02337297424674034, 0.1662074774503708, -0.1395188271999359]
Vel: [-0.2783344089984894, 0.5733281373977661, -0.06483633816242218]
Acc: [-0.16075406968593597, -0.7914543151855469, -9.810872077941895]
Gyro:[3.235554322600365e-05, -0.14570224285125732, 0.013690314255654812]
Mag: [-0.02337297424674034, 0.1662074774503708, -0.1395188271999359]
Vel: [-0.2849423587322235, 0.5764185190200806, -0.05852794274687767]
Acc: [0.13930034637451172, -0.7811114192008972, -9.705090522766113]
Gyro:[-0.022166341543197632, -0.13002410531044006, -0.08399186283349991]
Mag: [-0.02337297424674034, 0.1662074774503708, -0.1395188271999359]
Vel: [-0.2936684787273407, 0.5737824440002441, -0.05977105349302292]
Acc: [-0.22375696897506714, -0.7282249331474304, -9.706368446350098]
Gyro:[0.048990651965141296, -0.0977466031908989, -0.11382844299077988]
Mag: [-0.02337297424674034, 0.1662074774503708, -0.1395188271999359]
Vel: [-0.2978348731994629, 0.5738564133644104, -0.0620468407869339]
Acc: [0.2362862080335617, -0.5578489303588867, -9.730648040771484]
Gyro:[0.014657544903457165, -0.10179664194583893, 0.02907697483897209]
Mag: [-0.028358442708849907, 0.16558393836021423, -0.13861553370952606]
Vel: [-0.2981427013874054, 0.5646652579307556, -0.06195133924484253]
Acc: [0.048252083361148834, -0.715208888053894, -9.746694564819336]
Gyro:[-0.0007687152829021215, -0.12376206368207932, 0.0997132956981659]
Mag: [-0.028358442708849907, 0.16558393836021423, -0.13861553370952606]
Vel: [-0.2968992292881012, 0.5598267912864685, -0.06055163964629173]
Acc: [0.9067457318305969, -0.7323036789894104, -9.456406593322754]
Gyro:[0.06949678808450699, -0.16476890444755554, 0.3710552453994751]
Mag: [-0.028358442708849907, 0.16558393836021423, -0.13861553370952606]
Vel: [-0.29107096791267395, 0.5489145517349243, -0.05644357576966286]
Acc: [-0.7477694153785706, -0.7731913924217224, -9.930537223815918]
Gyro:[0.008877022191882133, -0.13013260066509247, 0.8002485632896423]
Mag: [-0.028358442708849907, 0.16558393836021423, -0.13861553370952606]
Vel: [-0.28648436069488525, 0.5444862246513367, -0.05345211178064346]
Acc: [0.18701162934303284, -0.0526033453643322, -9.921334266662598]
Gyro:[0.08253464847803116, -0.06331277638673782, 0.8649877905845642]
Mag: [-0.026076355949044228, 0.16616062819957733, -0.14110742509365082]
Vel: [-0.2752544581890106, 0.5409252047538757, -0.060497600585222244]
Acc: [-0.1847848892211914, -0.2995446026325226, -9.972535133361816]
Gyro:[0.20617249608039856, -0.013340957462787628, 1.2070084810256958]
Mag: [-0.026076355949044228, 0.16616062819957733, -0.14110742509365082]
Vel: [-0.2624872922897339, 0.5356413722038269, -0.06605333089828491]
Acc: [0.6915525794029236, -0.3640950918197632, -9.512234687805176]
Gyro:[0.3658129572868347, -0.020960036665201187, 1.7065426111221313]
Mag: [-0.026076355949044228, 0.16616062819957733, -0.14110742509365082]
Vel: [-0.2462129443883896, 0.5015131831169128, -0.054204508662223816]
Acc: [-0.5235928297042847, -0.7686730623245239, -9.66518783569336]
Gyro:[0.22638022899627686, -0.024071035906672478, 2.0981056690216064]
Mag: [-0.026076355949044228, 0.16616062819957733, -0.14110742509365082]
Vel: [-0.24695317447185516, 0.5021584033966064, -0.05786849558353424]
Acc: [-0.6234282851219177, -0.9448200464248657, -9.999198913574219]
Gyro:[0.2893550395965576, 0.08343090862035751, 1.865788221359253]
Mag: [0.00667659193277359, 0.15493233501911163, -0.14456285536289215]
Vel: [-0.24949800968170166, 0.5010868310928345, -0.059548258781433105]
Acc: [-0.5890030264854431, -1.0025346279144287, -9.825060844421387]
Gyro:[0.2931697964668274, -0.09760649502277374, 1.918903112411499]
Mag: [0.00667659193277359, 0.15493233501911163, -0.14456285536289215]
Vel: [-0.2512533366680145, 0.4932597279548645, -0.05190779268741608]
Acc: [-0.5099713802337646, -0.6083564758300781, -9.832125663757324]
Gyro:[0.2969021499156952, 0.003231626935303211, 2.0915586948394775]
Mag: [0.00667659193277359, 0.15493233501911163, -0.14456285536289215]
Vel: [-0.23756690323352814, 0.4946456849575043, -0.05668605864048004]
Acc: [-0.7388502955436707, -1.1524014472961426, -9.889098167419434]
Gyro:[0.30746862292289734, 0.06924159079790115, 2.0816242694854736]
Mag: [0.00667659193277359, 0.15493233501911163, -0.14456285536289215]
Vel: [-0.23574818670749664, 0.498512327671051, -0.0643722340464592]
Acc: [-0.37250441312789917, -0.21980920433998108, -9.52828598022461]
Gyro:[0.2781614363193512, 0.11186589300632477, 2.1169538497924805]
Mag: [0.0418640598654747, 0.14014223217964172, -0.14850947260856628]
Vel: [-0.21835225820541382, 0.4969305098056793, -0.0583784244954586]
Acc: [-0.9449159502983093, -0.7154362201690674, -9.83532428741455]
Gyro:[0.1479734629392624, 0.2146253138780594, 2.3993258476257324]
Mag: [0.0418640598654747, 0.14014223217964172, -0.14850947260856628]
Vel: [-0.19941961765289307, 0.5064322352409363, -0.0677449107170105]
Acc: [0.05454278737306595, -0.16192734241485596, -12.257207870483398]
Gyro:[0.24080175161361694, 1.2739362716674805, 2.7561776638031006]
Mag: [0.0418640598654747, 0.14014223217964172, -0.14850947260856628]
Vel: [-0.16119182109832764, 0.5108124017715454, -0.12708961963653564]
Acc: [-0.7330521941184998, -0.9777734875679016, -7.451785564422607]
Gyro:[-0.08582641929388046, 2.092297077178955, 2.962306261062622]
Mag: [0.0418640598654747, 0.14014223217964172, -0.14850947260856628]
Vel: [-0.15731742978096008, 0.5290783643722534, -0.09196215122938156]
Acc: [-0.8974341750144958, -1.41289484500885, -8.665796279907227]
Gyro:[-0.6318686604499817, 1.3051172494888306, 2.703338146209717]
Mag: [0.10614298284053802, 0.1096186488866806, -0.134120374917984]
Vel: [-0.18434636294841766, 0.5481600165367126, -0.06429903954267502]
Acc: [0.39179331064224243, -0.6160076260566711, -10.846197128295898]
Gyro:[-0.5685193538665771, 1.2502700090408325, 2.6715967655181885]
Mag: [0.10614298284053802, 0.1096186488866806, -0.134120374917984]
Vel: [-0.18378329277038574, 0.5584020018577576, -0.08751003444194794]
Acc: [0.9037545323371887, -1.6990501880645752, -7.943139553070068]
Gyro:[-0.2705334722995758, 0.11796744912862778, 2.234802722930908]
Mag: [0.10614298284053802, 0.1096186488866806, -0.134120374917984]
Vel: [-0.21076738834381104, 0.5383740663528442, -0.04296141490340233]
Acc: [0.2871297597885132, -1.507347822189331, -8.33059024810791]
Gyro:[-0.44354763627052307, -0.33345627784729004, 2.232879161834717]
Mag: [0.10614298284053802, 0.1096186488866806, -0.134120374917984]
Vel: [-0.23512625694274902, 0.5349341630935669, -0.030863581225275993]
Acc: [0.696937620639801, -0.5400328636169434, -10.015280723571777]
Gyro:[-0.291959673166275, -0.5616584420204163, 2.1100876331329346]
Mag: [0.1367608606815338, 0.07032140344381332, -0.12060406059026718]
Vel: [-0.22098605334758759, 0.5424995422363281, -0.044707320630550385]
Acc: [-0.9914864301681519, -2.7436630725860596, -9.032747268676758]
Gyro:[-0.3010306656360626, -0.6339711546897888, 1.9790310859680176]
Mag: [0.1367608606815338, 0.07032140344381332, -0.12060406059026718]
Vel: [-0.26268163323402405, 0.5058864951133728, -0.024751346558332443]
Acc: [-1.0954328775405884, -1.9069913625717163, -9.095503807067871]
Gyro:[-0.4518223702907562, -0.7420271039009094, 1.6406514644622803]
Mag: [0.1367608606815338, 0.07032140344381332, -0.12060406059026718]
Vel: [-0.28893959522247314, 0.4941862225532532, -0.02123873122036457]
Acc: [-0.5110628008842468, -0.6450369954109192, -10.063179969787598]
Gyro:[-0.560097873210907, -0.3561476767063141, 1.540871024131775]
Mag: [0.1367608606815338, 0.07032140344381332, -0.12060406059026718]
Vel: [-0.3029526174068451, 0.4861564040184021, -0.029771337285637856]
Acc: [-0.7521427273750305, -0.3859184980392456, -8.675321578979492]
Gyro:[-0.8361892700195312, -0.20309574902057648, 1.5242798328399658]
Mag: [0.1386677473783493, 0.03991468995809555, -0.12677806615829468]
Vel: [-0.30626460909843445, 0.47714096307754517, -0.01703907735645771]
Acc: [-2.2162322998046875, -1.4580024480819702, -8.626418113708496]
Gyro:[-0.9686062932014465, 0.0339009054005146, 1.7351680994033813]
Mag: [0.1386677473783493, 0.03991468995809555, -0.12677806615829468]
Vel: [-0.3358169496059418, 0.45385146141052246, 0.002314138226211071]
Acc: [-0.7189702391624451, 0.42616283893585205, -10.01642894744873]
Gyro:[-0.9507114887237549, -0.06118134409189224, 1.400935173034668]
Mag: [0.1386677473783493, 0.03991468995809555, -0.12677806615829468]
Vel: [-0.3565744459629059, 0.4470042884349823, -0.011870666407048702]
Acc: [-1.1338169574737549, -0.045036572962999344, -9.317155838012695]
Gyro:[-0.9393661022186279, 0.08829695731401443, 1.3992551565170288]
Mag: [0.1386677473783493, 0.03991468995809555, -0.12677806615829468]
Vel: [-0.36964768171310425, 0.4363941252231598, -0.007105227559804916]
Acc: [-1.362256646156311, 0.23297365009784698, -10.540157318115234]
Gyro:[-0.8095265030860901, -0.0970936045050621, 1.1492780447006226]
Mag: [0.14003035426139832, 0.0324632003903389, -0.12483365833759308]
Vel: [-0.4120532274246216, 0.4145069718360901, -0.010685981251299381]
Acc: [-1.515036702156067, 1.2722935676574707, -9.559556007385254]
Gyro:[-0.6318466067314148, -0.31622907519340515, 0.5797355771064758]
Mag: [0.14010895788669586, 0.018719682469964027, -0.12227360904216766]
Vel: [-0.4430783987045288, 0.4184104800224304, 0.003741617314517498]
Acc: [-1.406052589416504, 0.735729992389679, -10.317438125610352]
Gyro:[-0.37683942914009094, -0.49477800726890564, 0.3460676968097687]
Mag: [0.14010895788669586, 0.018719682469964027, -0.12227360904216766]
Vel: [-0.45687076449394226, 0.40989214181900024, -0.004397717770189047]
Acc: [-0.11947552114725113, 1.3620845079421997, -12.095743179321289]
Gyro:[-0.13483475148677826, -0.3627457320690155, 0.33664166927337646]
Mag: [0.14010895788669586, 0.018719682469964027, -0.12227360904216766]
Vel: [-0.4732359051704407, 0.3934650123119354, -0.013244256377220154]
Acc: [-0.8221580982208252, 1.3695696592330933, -10.865492820739746]
Gyro:[-0.12851594388484955, -0.19480639696121216, 0.08735407888889313]
Mag: [0.13763992488384247, 0.020860940217971802, -0.12480573356151581]
Vel: [-0.478111207485199, 0.39305752515792847, -0.03000793606042862]
Acc: [-0.42413753271102905, 1.3121001720428467, -10.046552658081055]
Gyro:[0.021006334573030472, 0.16211852431297302, 0.32873058319091797]
Mag: [0.13548840582370758, 0.023839179426431656, -0.12810274958610535]
Vel: [-0.46380650997161865, 0.3862030506134033, -0.044504132121801376]
Acc: [-0.6304922103881836, 1.0254102945327759, -9.585711479187012]
Gyro:[-0.20741279423236847, 0.285440593957901, 0.41514208912849426]
Mag: [0.13548840582370758, 0.023839179426431656, -0.12810274958610535]
Vel: [-0.4754488468170166, 0.36502110958099365, -0.04390668496489525]
Acc: [-0.7522975206375122, 1.6175801753997803, -9.796394348144531]
Gyro:[-0.043328266590833664, 0.14898845553398132, 0.09236853569746017]
Mag: [0.13548840582370758, 0.023839179426431656, -0.12810274958610535]
Vel: [-0.4859139621257782, 0.3519165515899658, -0.054633188992738724]
Acc: [-0.562454104423523, 1.159627079963684, -9.564142227172852]
Gyro:[-0.06451808661222458, 0.09659267216920853, -0.06411726772785187]
Mag: [0.13594333827495575, 0.0177075807005167, -0.12640950083732605]
Vel: [-0.4918299615383148, 0.3312569558620453, -0.05559348315000534]
Acc: [-0.13357558846473694, 2.049623966217041, -8.91498851776123]
Gyro:[-0.08965425938367844, -0.12419654428958893, -0.06344287097454071]
Mag: [0.1355576068162918, 0.017994485795497894, -0.1261894404888153]
Vel: [-0.49265992641448975, 0.3309643268585205, -0.04043389856815338]
Acc: [-0.4477898180484772, 1.6698304414749146, -10.110359191894531]
Gyro:[0.10670290887355804, -0.23589448630809784, -0.10865341871976852]
Mag: [0.1355576068162918, 0.017994485795497894, -0.1261894404888153]
Vel: [-0.49190810322761536, 0.32693374156951904, -0.052550800144672394]
Acc: [-1.0055475234985352, 1.3168511390686035, -9.130974769592285]
Gyro:[0.3982042670249939, -0.18470914661884308, -0.2446817010641098]
Mag: [0.1355576068162918, 0.017994485795497894, -0.1261894404888153]
Vel: [-0.49728989601135254, 0.3075002133846283, -0.05114135146141052]
Acc: [-0.8133733868598938, 1.2123911380767822, -10.046704292297363]
Gyro:[0.4775415360927582, -0.16439670324325562, -0.2710844874382019]
Mag: [0.1355576068162918, 0.017994485795497894, -0.1261894404888153]
Vel: [-0.5084384679794312, 0.29895392060279846, -0.055654723197221756]
Acc: [-0.5758280754089355, 1.3280783891677856, -9.46111011505127]
Gyro:[0.36287423968315125, -0.15013788640499115, -0.5579060912132263]
Mag: [0.13602013885974884, 0.016375668346881866, -0.12953603267669678]
Vel: [-0.5157073736190796, 0.2915017306804657, -0.05161389335989952]
Acc: [-0.7945871949195862, 0.9224591255187988, -9.467841148376465]
Gyro:[0.1501152217388153, -0.14955878257751465, -0.6480099558830261]
Mag: [0.13602013885974884, 0.016375668346881866, -0.12953603267669678]
Vel: [-0.5212211608886719, 0.2806702256202698, -0.044796936213970184]
Acc: [-0.8778137564659119, 1.3489865064620972, -9.765091896057129]
Gyro:[0.06384757161140442, 0.052090708166360855, -0.5620920658111572]
Mag: [0.13602013885974884, 0.016375668346881866, -0.12953603267669678]
Vel: [-0.5183774828910828, 0.2739790081977844, -0.0360652320086956]
Acc: [-0.86799556016922, 0.6290817260742188, -9.278536796569824]
Gyro:[-0.21215909719467163, -0.027662890031933784, -0.45391297340393066]
Mag: [0.13602013885974884, 0.016375668346881866, -0.12953603267669678]
Vel: [-0.5233485102653503, 0.25869664549827576, -0.025189748033881187]
Acc: [0.765429675579071, 1.259706735610962, -9.335806846618652]
Gyro:[-0.25064316391944885, 0.560845673084259, -0.21523268520832062]
Mag: [0.1349831372499466, 0.03104819729924202, -0.12770472466945648]
Vel: [-0.5033888220787048, 0.25372201204299927, -0.02278604730963707]
Acc: [-0.44224321842193604, 1.4123618602752686, -9.825309753417969]
Gyro:[-0.296128511428833, 0.03149820864200592, 0.17222437262535095]
Mag: [0.1349831372499466, 0.03104819729924202, -0.12770472466945648]
Vel: [-0.48396626114845276, 0.2613126337528229, -0.008900437504053116]
Acc: [-0.9604514837265015, 1.060429573059082, -10.678614616394043]
Gyro:[0.10552971810102463, -0.09666302055120468, 0.15808266401290894]
Mag: [0.1349831372499466, 0.03104819729924202, -0.12770472466945648]
Vel: [-0.48040518164634705, 0.239471435546875, -0.017674382776021957]
Acc: [-0.5072615742683411, 0.3601301312446594, -9.98629093170166]
Gyro:[0.4540664553642273, -0.5940800309181213, -0.3983438014984131]
Mag: [0.1349831372499466, 0.03104819729924202, -0.12770472466945648]
Vel: [-0.4682180881500244, 0.2028951346874237, -0.016651557758450508]
Acc: [-0.6245956420898438, 0.37855666875839233, -10.18320083618164]
Gyro:[0.44445616006851196, -0.44918033480644226, -0.5899688005447388]
Mag: [0.1302448958158493, 0.02910509705543518, -0.1305900365114212]
Vel: [-0.4560616910457611, 0.17995932698249817, -0.019759928807616234]
Acc: [-0.9469394087791443, 0.5752528309822083, -9.496502876281738]
Gyro:[0.3246036767959595, -0.3222578167915344, -0.7588345408439636]
Mag: [0.1302448958158493, 0.02910509705543518, -0.1305900365114212]
Vel: [-0.44649460911750793, 0.16859783232212067, -0.016752177849411964]
Acc: [-0.5801482796669006, 0.6485658884048462, -10.489439964294434]
Gyro:[0.09458962082862854, 0.6401001811027527, -0.767543613910675]
Mag: [0.1302448958158493, 0.02910509705543518, -0.1305900365114212]
Vel: [-0.42939192056655884, 0.15208576619625092, -0.04165402427315712]
Acc: [-0.22591936588287354, 0.9656897187232971, -9.843842506408691]
Gyro:[-0.07077409327030182, 1.1701334714889526, -0.4571165442466736]
Mag: [0.1302448958158493, 0.02910509705543518, -0.1305900365114212]
Vel: [-0.3989594578742981, 0.15128454566001892, -0.050169870257377625]
Acc: [-0.03412359952926636, 0.3843269646167755, -9.832432746887207]
Gyro:[-0.19847649335861206, 1.1948984861373901, -0.248451828956604]
Mag: [0.13515475392341614, 0.03834591433405876, -0.12693122029304504]
Vel: [-0.3782235383987427, 0.13984833657741547, -0.04711209982633591]
Acc: [0.2522033154964447, 0.9185412526130676, -9.335763931274414]
Gyro:[-0.3334776759147644, 0.6786353588104248, 0.14356614649295807]
Mag: [0.13515475392341614, 0.03834591433405876, -0.12693122029304504]
Vel: [-0.36180293560028076, 0.13897524774074554, -0.03436579555273056]
Acc: [0.14575183391571045, 0.9512090086936951, -8.947000503540039]
Gyro:[-0.20423436164855957, 0.30167466402053833, 0.35646921396255493]
Mag: [0.13515475392341614, 0.03834591433405876, -0.12693122029304504]
Vel: [-0.3512497544288635, 0.12494443356990814, -0.02505774423480034]
Acc: [-0.25438162684440613, 0.7417638301849365, -9.782310485839844]
Gyro:[-0.21915312111377716, 0.06186481565237045, 0.22848348319530487]
Mag: [0.13515475392341614, 0.03834591433405876, -0.12693122029304504]
Vel: [-0.3588169515132904, 0.11713537573814392, -0.012424488551914692]
Acc: [-0.25244438648223877, 0.8987404108047485, -9.3513765335083]
Gyro:[-0.21652740240097046, -0.23402412235736847, 0.23418833315372467]
Mag: [0.1432887762784958, 0.03368925303220749, -0.11835504323244095]
Vel: [-0.3636792302131653, 0.11008265614509583, 0.007760081440210342]
Acc: [-0.4078138470649719, 0.6480149030685425, -10.401680946350098]
Gyro:[0.06256002932786942, -0.18868838250637054, -0.15049654245376587]
Mag: [0.1432887762784958, 0.03368925303220749, -0.11835504323244095]
Vel: [-0.37994658946990967, 0.08801841735839844, -0.008878565393388271]
Acc: [-0.32735463976860046, 1.1962432861328125, -9.398920059204102]
Gyro:[0.02000005915760994, -0.18047791719436646, -0.2251853197813034]
Mag: [0.1432887762784958, 0.03368925303220749, -0.11835504323244095]
Vel: [-0.3902568817138672, 0.08293856680393219, -0.006747230421751738]
Acc: [-0.46031704545021057, 0.601142406463623, -10.113982200622559]
Gyro:[-0.004718686453998089, -0.18827149271965027, -0.20341622829437256]
Mag: [0.1432887762784958, 0.03368925303220749, -0.11835504323244095]
Vel: [-0.392646461725235, 0.07357662171125412, -0.008189325220882893]
Acc: [-0.390097439289093, 1.237778663635254, -9.383652687072754]
Gyro:[-0.03805503249168396, -0.17681744694709778, -0.08443007618188858]
Mag: [0.14261576533317566, 0.04041467234492302, -0.1259990930557251]
Vel: [-0.40005382895469666, 0.06322770565748215, 0.006101168692111969]
Acc: [-0.4637601375579834, 1.2745294570922852, -9.769000053405762]
Gyro:[-0.15198050439357758, -0.05383928865194321, 0.01053154282271862]
Mag: [0.14261576533317566, 0.04041467234492302, -0.1259990930557251]
Vel: [-0.4023262560367584, 0.06146934628486633, 0.012898880988359451]
Acc: [-0.6601947546005249, 0.8870335817337036, -9.605616569519043]
Gyro:[-0.35859620571136475, 0.2711682915687561, 0.2580706477165222]
Mag: [0.14261576533317566, 0.04041467234492302, -0.1259990930557251]
Vel: [-0.4098368287086487, 0.05035284161567688, 0.01601768471300602]
Acc: [-0.5039554834365845, 0.6419622898101807, -10.148776054382324]
Gyro:[-0.3766082227230072, 0.4510995149612427, 0.14903555810451508]
Mag: [0.14261576533317566, 0.04041467234492302, -0.1259990930557251]
Vel: [-0.42670074105262756, 0.02612929418683052, 0.008667661808431149]
Acc: [-0.6331191658973694, 0.6205184459686279, -10.109762191772461]
Gyro:[-0.2889476716518402, 0.5005918145179749, -0.12579846382141113]
Mag: [0.1496085673570633, 0.04052850231528282, -0.12223327904939651]
Vel: [-0.4515557885169983, -0.0038375305011868477, 0.005468736868351698]
Acc: [-0.3504907786846161, 0.8947681188583374, -9.032371520996094]
Gyro:[-0.2990134060382843, 0.19486047327518463, -0.24201610684394836]
Mag: [0.1496085673570633, 0.04052850231528282, -0.12223327904939651]
Vel: [-0.47243231534957886, -0.026462780311703682, 0.013687762431800365]
Acc: [-0.30285757780075073, 0.9516861438751221, -9.751632690429688]
Gyro:[-0.31340929865837097, -0.03332764282822609, -0.2937849760055542]
Mag: [0.1496085673570633, 0.04052850231528282, -0.12223327904939651]
Vel: [-0.4955275356769562, -0.05595550686120987, 0.02355000376701355]
Acc: [-0.2796570062637329, 1.453711748123169, -9.72201919555664]
Gyro:[-0.27635136246681213, -0.08668354153633118, -0.39859580993652344]
Mag: [0.1496085673570633, 0.04052850231528282, -0.12223327904939651]
Vel: [-0.5114993453025818, -0.06961475312709808, 0.024423636496067047]
Acc: [-0.123070627450943, 1.9387986660003662, -9.254197120666504]
Gyro:[-0.35030868649482727, -0.34139949083328247, -0.5955100059509277]
Mag: [0.14652273058891296, 0.054560594260692596, -0.12092375010251999]
Vel: [-0.5220659971237183, -0.07475628703832626, 0.029491329565644264]
Acc: [-0.03631923720240593, 2.200463056564331, -10.047440528869629]
Gyro:[-0.4074249863624573, -0.3163486123085022, -0.5379461646080017]
Mag: [0.14652273058891296, 0.054560594260692596, -0.12092375010251999]
Vel: [-0.5181035399436951, -0.07187812030315399, 0.015092725865542889]
Acc: [0.3531206250190735, 2.440354585647583, -9.815305709838867]
Gyro:[-0.3009447753429413, -0.025856470689177513, -0.23737044632434845]
Mag: [0.14652273058891296, 0.054560594260692596, -0.12092375010251999]
Vel: [-0.5081070065498352, -0.06875363737344742, 0.007385591976344585]
Acc: [-0.08205202966928482, 1.7755932807922363, -9.149357795715332]
Gyro:[-0.27149200439453125, 0.1301693469285965, -0.0819300189614296]
Mag: [0.14652273058891296, 0.054560594260692596, -0.12092375010251999]
Vel: [-0.5110591053962708, -0.07377695292234421, 0.016217809170484543]
Acc: [-0.012251033447682858, 2.1168053150177, -9.482529640197754]
Gyro:[-0.26816001534461975, 0.1365801990032196, -0.07418418675661087]
Mag: [0.14406055212020874, 0.05808323249220848, -0.12224815040826797]
Vel: [-0.508942723274231, -0.08951125293970108, 0.022634301334619522]
Acc: [0.016783641651272774, 2.1117398738861084, -10.154792785644531]
Gyro:[-0.21341581642627716, 0.17689920961856842, -0.07885526865720749]
Mag: [0.14406055212020874, 0.05808323249220848, -0.12224815040826797]
Vel: [-0.5097934007644653, -0.1018075942993164, 0.01637692004442215]
Acc: [0.139823317527771, 2.155726194381714, -9.228449821472168]
Gyro:[-0.03143041580915451, 0.08535121381282806, -0.16772949695587158]
Mag: [0.14406055212020874, 0.05808323249220848, -0.12224815040826797]
Vel: [-0.5094900727272034, -0.11121071130037308, 0.026820745319128036]
Acc: [0.023461725562810898, 2.3684089183807373, -9.135475158691406]
Gyro:[-0.13088425993919373, 0.07781926542520523, -0.04422927647829056]
Mag: [0.14406055212020874, 0.05808323249220848, -0.12224815040826797]
Vel: [-0.5038735866546631, -0.11498875170946121, 0.03265617415308952]
Acc: [-0.23871901631355286, 2.164313793182373, -10.319842338562012]
Gyro:[-0.13238169252872467, 0.023814085870981216, -0.0024820039980113506]
Mag: [0.14464271068572998, 0.06354235857725143, -0.11702537536621094]
Vel: [-0.5126955509185791, -0.12239562720060349, 0.022647490724921227]
Acc: [0.2176653891801834, 2.163968801498413, -9.553915977478027]
Gyro:[0.026383746415376663, 0.033024270087480545, -0.06554688513278961]
Mag: [0.14482536911964417, 0.061380594968795776, -0.1131473109126091]
Vel: [-0.5139477252960205, -0.1339668482542038, 0.019334347918629646]
Acc: [0.03639376536011696, 2.485682487487793, -8.9317626953125]
Gyro:[0.0074734995141625404, 0.04172544553875923, -0.061245426535606384]
Mag: [0.14482536911964417, 0.061380594968795776, -0.1131473109126091]
Vel: [-0.5116395950317383, -0.1328798234462738, 0.03507165610790253]
Acc: [0.15943115949630737, 2.3014562129974365, -9.771197319030762]
Gyro:[-0.1476140171289444, 0.06447834521532059, -0.0035942161921411753]
Mag: [0.14482536911964417, 0.061380594968795776, -0.1131473109126091]
Vel: [-0.508249819278717, -0.14165133237838745, 0.03467285633087158]
Acc: [0.17764799296855927, 2.9489998817443848, -9.504772186279297]
Gyro:[-0.16131719946861267, 0.2151908129453659, -0.08874309062957764]
Mag: [0.14536038041114807, 0.06648609042167664, -0.11475183814764023]
Vel: [-0.5057892799377441, -0.13860616087913513, 0.03244864195585251]
Acc: [0.11505469679832458, 2.5061681270599365, -9.248969078063965]
Gyro:[0.02704654075205326, 0.22649405896663666, -0.05567533150315285]
Mag: [0.14357216656208038, 0.07146889716386795, -0.1155519187450409]
Vel: [-0.49889910221099854, -0.1371912956237793, 0.02295845001935959]
Acc: [0.03965103626251221, 2.2975714206695557, -9.560050964355469]
Gyro:[-0.011302737519145012, 0.2499150037765503, -0.13162125647068024]
Mag: [0.14357216656208038, 0.07146889716386795, -0.1155519187450409]
Vel: [-0.5014574527740479, -0.1396743208169937, 0.02645859867334366]
Acc: [0.7084633111953735, 3.0197079181671143, -9.44182300567627]
Gyro:[-0.01382007822394371, 0.26183992624282837, -0.034419238567352295]
Mag: [0.14357216656208038, 0.07146889716386795, -0.1155519187450409]
Vel: [-0.4906224310398102, -0.13326014578342438, 0.02554592303931713]
Acc: [0.1944705694913864, 2.062204122543335, -9.289521217346191]
Gyro:[-0.024868184700608253, 0.24826759099960327, 0.06414274126291275]
Mag: [0.14357216656208038, 0.07146889716386795, -0.1155519187450409]
Vel: [-0.49487605690956116, -0.14611445367336273, 0.029826095327734947]
Acc: [0.5237002372741699, 2.238023519515991, -9.724611282348633]
Gyro:[0.044423658400774, 0.2390892505645752, -0.08076566457748413]
Mag: [0.15021096169948578, 0.07022012770175934, -0.11024437099695206]
Vel: [-0.49741923809051514, -0.1620226502418518, 0.02554645761847496]
