Vel: [0.5128890872001648, 0.24031123518943787, 0.18876881897449493]
Acc: [11.915122985839844, -2.7510879039764404, -9.613948822021484]
Gyro:[-0.3999318778514862, -0.7144652009010315, 0.3395437002182007]
Mag: [-0.11735657602548599, -0.03859064728021622, -0.13799774646759033]
Vel: [0.2057744413614273, 0.3151000142097473, 0.11423558741807938]
Acc: [12.442533493041992, -4.5970869064331055, -9.623808860778809]
Gyro:[-0.347318559885025, -0.6005936861038208, -0.007736877538263798]
Mag: [-0.11735657602548599, -0.03859064728021622, -0.13799774646759033]
Vel: [-0.14357173442840576, 0.5359966158866882, 0.04979386180639267]
Acc: [13.080946922302246, -6.226064682006836, -9.729748725891113]
Gyro:[-0.263315886259079, -0.6135486960411072, 0.2755142152309418]
Mag: [-0.11735657602548599, -0.03859064728021622, -0.13799774646759033]
Vel: [-0.48543480038642883, 0.7427396774291992, -0.016989776864647865]
Acc: [16.114452362060547, -1.0895969867706299, -7.9419965744018555]
Gyro:[0.29513946175575256, -1.4541966915130615, 0.610633373260498]
Mag: [-0.12795427441596985, -0.02566973678767681, -0.1326991617679596]
Vel: [-1.009750485420227, 0.8307611346244812, -0.024205146357417107]
Acc: [16.73407554626465, -2.090717315673828, -5.483182430267334]
Gyro:[-0.4182654619216919, -1.6455821990966797, -0.04165797680616379]
Mag: [-0.12795427441596985, -0.02566973678767681, -0.1326991617679596]
Vel: [-1.3756248950958252, 0.8743223547935486, 0.0340111069381237]
Acc: [14.833136558532715, -1.9516710042953491, -6.847655773162842]
Gyro:[-0.07705162465572357, -1.2323322296142578, -0.4280281960964203]
Mag: [-0.12795427441596985, -0.02566973678767681, -0.1326991617679596]
Vel: [-2.005626916885376, 1.0091861486434937, 0.15227265655994415]
Acc: [8.962620735168457, -2.659168243408203, -8.285468101501465]
Gyro:[0.312628835439682, -1.483322024345398, -0.01892203278839588]
Mag: [-0.12795427441596985, -0.02566973678767681, -0.1326991617679596]
Vel: [-2.262211799621582, 1.0986758470535278, 0.18949081003665924]
Acc: [-6.497959136962891, 1.5115967988967896, -5.670660495758057]
Gyro:[0.5682852268218994, -1.3943511247634888, 0.8920760154724121]
Mag: [-0.19557972252368927, -0.021740533411502838, -0.15851256251335144]
Vel: [-2.253857135772705, 1.0680032968521118, 0.2688790261745453]
Acc: [-11.298494338989258, 5.3553619384765625, -4.217829704284668]
Gyro:[-0.1319001466035843, -0.6356359124183655, 0.7398747205734253]
Mag: [-0.19557972252368927, -0.021740533411502838, -0.15851256251335144]
Vel: [-1.9294599294662476, 0.8460260033607483, 0.4421420395374298]
Acc: [-10.863893508911133, 4.388080596923828, -7.380399227142334]
Gyro:[-1.3936927318572998, 1.2068430185317993, 2.6074020862579346]
Mag: [-0.19557972252368927, -0.021740533411502838, -0.15851256251335144]
Vel: [-1.6525182723999023, 0.6702995300292969, 0.5301479697227478]
Acc: [-11.430378913879395, 4.412019729614258, -10.955547332763672]
Gyro:[0.9254781007766724, 1.7858941555023193, 2.0675158500671387]
Mag: [-0.19557972252368927, -0.021740533411502838, -0.15851256251335144]
Vel: [-1.2528834342956543, 0.5250678658485413, 0.49189701676368713]
Acc: [-11.310931205749512, 3.837414264678955, -12.071866989135742]
Gyro:[-0.11718904972076416, 1.6823195219039917, 2.1211016178131104]
Mag: [-0.1138361394405365, -0.013870110735297203, -0.15611234307289124]
Vel: [-0.8929424285888672, 0.42298322916030884, 0.4246695041656494]
Acc: [-9.055768966674805, 2.3152260780334473, -12.95600700378418]
Gyro:[0.05021289736032486, 0.7917721271514893, 1.7635222673416138]
Mag: [-0.1138361394405365, -0.013870110735297203, -0.15611234307289124]
Vel: [-0.6112151145935059, 0.3943744897842407, 0.34168869256973267]
Acc: [-6.289198875427246, 3.3217926025390625, -11.098105430603027]
Gyro:[0.23724612593650818, 0.286814421415329, 0.6300750970840454]
Mag: [-0.1138361394405365, -0.013870110735297203, -0.15611234307289124]
Vel: [-0.25189122557640076, 0.31619229912757874, 0.27333346009254456]
Acc: [-4.823102951049805, 0.9668503999710083, -12.038232803344727]
Gyro:[0.20904254913330078, 0.5394603610038757, -0.046405546367168427]
Mag: [-0.1138361394405365, -0.013870110735297203, -0.15611234307289124]
Vel: [-0.05053945258259773, 0.3006727993488312, 0.21201357245445251]
Acc: [-3.335862398147583, -1.4723652601242065, -12.55820083618164]
Gyro:[0.3030089735984802, 0.04805094748735428, -0.1758338212966919]
Mag: [-0.11013298481702805, -0.012523937039077282, -0.13754670321941376]
Vel: [0.07718200981616974, 0.35185009241104126, 0.13101086020469666]
Acc: [-1.813276767730713, -1.567458152770996, -11.085844993591309]
Gyro:[0.24350497126579285, -0.2646001875400543, -0.06491358578205109]
Mag: [-0.11013298481702805, -0.012523937039077282, -0.13754670321941376]
Vel: [0.14902247488498688, 0.3776869773864746, 0.10179011523723602]
Acc: [-1.1994155645370483, -0.683889627456665, -9.776981353759766]
Gyro:[0.1193186491727829, -0.12782049179077148, -0.2343120574951172]
Mag: [-0.11013298481702805, -0.012523937039077282, -0.13754670321941376]
Vel: [0.20242683589458466, 0.3794803023338318, 0.10034316778182983]
Acc: [-2.319533109664917, 0.20131514966487885, -10.959490776062012]
Gyro:[0.3076170086860657, -0.21410347521305084, -0.4044734537601471]
Mag: [-0.11013298481702805, -0.012523937039077282, -0.13754670321941376]
Vel: [0.3105665147304535, 0.36134088039398193, 0.0667894035577774]
Acc: [-2.193751573562622, 0.4235191345214844, -10.14291763305664]
Gyro:[0.14470186829566956, -0.4060616195201874, -0.5480012893676758]
Mag: [-0.11240723729133606, -0.020758552476763725, -0.1454104483127594]
Vel: [0.42465391755104065, 0.32806316018104553, 0.04934895411133766]
Acc: [-3.3057212829589844, 0.37340691685676575, -10.227629661560059]
Gyro:[0.12735818326473236, -0.2922288179397583, -0.7532325983047485]
Mag: [-0.11240723729133606, -0.020758552476763725, -0.1454104483127594]
Vel: [0.5254281759262085, 0.30920425057411194, 0.043603770434856415]
Acc: [-5.342506408691406, -0.06376848369836807, -11.17211627960205]
Gyro:[0.354209840297699, -0.21648186445236206, -1.1099121570587158]
Mag: [-0.11240723729133606, -0.020758552476763725, -0.1454104483127594]
Vel: [0.7123374342918396, 0.2971791625022888, 0.011828131042420864]
Acc: [-5.998976707458496, 0.005245719105005264, -11.29967975616455]
Gyro:[0.7213768362998962, -0.3087669610977173, -1.0119346380233765]
Mag: [-0.11240723729133606, -0.020758552476763725, -0.1454104483127594]
Vel: [0.8735940456390381, 0.28307420015335083, -0.03242067992687225]
Acc: [-5.63720703125, 0.1572282612323761, -10.549068450927734]
Gyro:[0.9110663533210754, -0.19885383546352386, -1.2180583477020264]
Mag: [-0.11091881990432739, -0.013934031128883362, -0.15611976385116577]
Vel: [1.128688097000122, 0.22922982275485992, -0.05705207958817482]
Acc: [-5.182816982269287, -0.7744122743606567, -9.440010070800781]
Gyro:[0.5687814354896545, 0.4118692874908447, -1.5557154417037964]
Mag: [-0.11532512307167053, -0.010601570829749107, -0.17666095495224]
Vel: [1.3087271451950073, 0.201494500041008, -0.04025764390826225]
Acc: [-4.526791095733643, -1.665360927581787, -8.788677215576172]
Gyro:[0.32253599166870117, 0.6908433437347412, -1.6604862213134766]
Mag: [-0.11532512307167053, -0.010601570829749107, -0.17666095495224]
Vel: [1.482153296470642, 0.2054438591003418, -0.005064340308308601]
Acc: [-4.446056365966797, -4.412835597991943, -9.030517578125]
Gyro:[0.6883658766746521, 1.1483973264694214, -1.6146150827407837]
Mag: [-0.11532512307167053, -0.010601570829749107, -0.17666095495224]
Vel: [1.6534926891326904, 0.2630053758621216, 0.017082780599594116]
Acc: [-3.0586516857147217, -4.108827590942383, -7.512601852416992]
Gyro:[0.6426470279693604, 1.0714898109436035, -0.5484395623207092]
Mag: [-0.1404714584350586, -0.016688218340277672, -0.20029497146606445]
Vel: [1.7776939868927002, 0.32897061109542847, 0.06255153566598892]
Acc: [1.8583364486694336, -1.4537718296051025, -5.627360820770264]
Gyro:[0.5067024827003479, 0.9148731231689453, -0.6067753434181213]
Mag: [-0.15729758143424988, -0.03575913608074188, -0.20647494494915009]
Vel: [1.8373485803604126, 0.37351855635643005, 0.1965278536081314]
Acc: [3.3988614082336426, 4.5450663566589355, -7.061128616333008]
Gyro:[0.9810206294059753, 0.2683957815170288, -2.0413637161254883]
Mag: [-0.15729758143424988, -0.03575913608074188, -0.20647494494915009]
Vel: [1.726054310798645, 0.19755049049854279, 0.3107186257839203]
Acc: [16.30765724182129, 3.5914089679718018, -4.485112190246582]
Gyro:[-2.959240436553955, -0.666720449924469, -1.8428475856781006]
Mag: [-0.15729758143424988, -0.03575913608074188, -0.20647494494915009]
Vel: [1.2887319326400757, 0.1296553909778595, 0.4185234606266022]
Acc: [13.704633712768555, 6.289258003234863, -12.957035064697266]
Gyro:[-2.5401430130004883, -0.19402597844600677, -0.6306593418121338]
Mag: [-0.1523158848285675, -0.045700158923864365, -0.17463652789592743]
Vel: [0.8075110912322998, 0.029018789529800415, 0.29500776529312134]
Acc: [10.744681358337402, 10.56544017791748, -13.58523178100586]
Gyro:[0.5029901266098022, -0.7406050562858582, -0.5094771981239319]
Mag: [-0.1281273066997528, -0.03922951593995094, -0.15454484522342682]
Vel: [0.49151384830474854, -0.20468784868717194, 0.1478905826807022]
Acc: [2.4708070755004883, 17.64187240600586, -13.619425773620605]
Gyro:[0.38332846760749817, -0.9616925716400146, -1.465074896812439]
Mag: [-0.1281273066997528, -0.03922951593995094, -0.15454484522342682]
Vel: [0.24132147431373596, -0.7361054420471191, 0.04522323980927467]
Acc: [2.4876978397369385, 14.543813705444336, -12.37752628326416]
Gyro:[-0.4269634485244751, -1.4515548944473267, -2.9125640392303467]
Mag: [-0.1281273066997528, -0.03922951593995094, -0.15454484522342682]
Vel: [0.04025915637612343, -1.1505359411239624, -0.017074329778552055]
Acc: [1.4095799922943115, 6.6445465087890625, -11.531228065490723]
Gyro:[0.10163572430610657, -1.051289439201355, -3.8018672466278076]
Mag: [-0.1281273066997528, -0.03922951593995094, -0.15454484522342682]
Vel: [-0.1001218929886818, -1.3901907205581665, -0.0639609768986702]
Acc: [3.4365570545196533, 8.513812065124512, -9.095610618591309]
Gyro:[2.0014710426330566, -0.911865234375, -4.580564498901367]
Mag: [-0.11026545614004135, -0.06666327267885208, -0.11240886151790619]
Vel: [-0.3086918890476227, -1.584418773651123, -0.04303069785237312]
Acc: [7.142733097076416, 0.7104300260543823, -6.2452521324157715]
Gyro:[0.7311005592346191, -1.1129155158996582, -4.995186805725098]
Mag: [-0.11026545614004135, -0.06666327267885208, -0.11240886151790619]
Vel: [-0.5870450139045715, -1.5810846090316772, 0.05572859197854996]
Acc: [9.720006942749023, -6.956415176391602, -5.023741245269775]
Gyro:[-0.1473413109779358, -0.6641028523445129, -3.804434299468994]
Mag: [-0.11026545614004135, -0.06666327267885208, -0.11240886151790619]
Vel: [-0.6069004535675049, -1.3041609525680542, 0.15108917653560638]
Acc: [10.156853675842285, -9.679207801818848, -5.546795845031738]
Gyro:[0.6898220181465149, 0.4088239073753357, -2.47066068649292]
Mag: [-0.11026545614004135, -0.06666327267885208, -0.11240886151790619]
Vel: [-0.49359941482543945, -0.8724947571754456, 0.2429651916027069]
Acc: [10.085325241088867, -10.145976066589355, -7.677408218383789]
Gyro:[0.345309317111969, 0.6830036044120789, -0.7015350461006165]
Mag: [-0.027371613308787346, -0.12154018133878708, -0.020862353965640068]
Vel: [-0.33274605870246887, -0.376419335603714, 0.26387035846710205]
Acc: [10.649894714355469, -10.198002815246582, -8.486651420593262]
Gyro:[0.25246748328208923, 0.4663756489753723, -0.20623068511486053]
Mag: [-0.027371613308787346, -0.12154018133878708, -0.020862353965640068]
Vel: [-0.20909035205841064, -0.018467100337147713, 0.22821690142154694]
Acc: [11.276519775390625, -12.695273399353027, -9.12674331665039]
Gyro:[-0.8320690393447876, -0.09156451374292374, 1.4860085248947144]
Mag: [-0.027371613308787346, -0.12154018133878708, -0.020862353965640068]
Vel: [-0.04959644377231598, 0.4044242203235626, 0.17530226707458496]
Acc: [11.201980590820312, -13.98710823059082, -9.166479110717773]
Gyro:[-0.6762639880180359, -0.270856648683548, 2.129962205886841]
Mag: [-0.022724278271198273, -0.1355416178703308, -0.024687616154551506]
Vel: [0.20611771941184998, 1.0041946172714233, 0.0971808135509491]
Acc: [11.435286521911621, -15.029226303100586, -9.359285354614258]
Gyro:[-0.44406023621559143, -0.06172364205121994, 2.4154655933380127]
Mag: [-0.03734182193875313, -0.1341286450624466, -0.024221638217568398]
Vel: [0.3389819264411926, 1.3485368490219116, 0.05454270541667938]
Acc: [11.922664642333984, -13.781439781188965, -10.511914253234863]
Gyro:[0.3725230395793915, 0.3169674873352051, 3.4620189666748047]
Mag: [-0.03734182193875313, -0.1341286450624466, -0.024221638217568398]
Vel: [0.504307210445404, 2.0856566429138184, -0.07366642355918884]
Acc: [11.41542911529541, -7.778746128082275, -10.184123039245605]
Gyro:[0.3250480592250824, 0.37153545022010803, 4.266071796417236]
Mag: [-0.03734182193875313, -0.1341286450624466, -0.024221638217568398]
Vel: [0.45170751214027405, 2.4265594482421875, -0.1398341953754425]
Acc: [10.86028003692627, -2.3422908782958984, -9.038064002990723]
Gyro:[0.22640834748744965, 0.5648297071456909, 4.313107490539551]
Mag: [-0.03734182193875313, -0.1341286450624466, -0.024221638217568398]
Vel: [0.1603728085756302, 2.728673219680786, -0.16312964260578156]
Acc: [6.214630603790283, 4.619987487792969, -7.541608810424805]
Gyro:[-0.4270641505718231, 0.3017454147338867, 4.655311107635498]
Mag: [-0.12219663709402084, -0.08155586570501328, -0.10003970563411713]
Vel: [-0.06774241477251053, 2.6919028759002686, -0.10136733949184418]
Acc: [2.7499566078186035, 14.808436393737793, -6.728784084320068]
Gyro:[-1.1014958620071411, 0.6122978925704956, 4.175048828125]
Mag: [-0.12219663709402084, -0.08155586570501328, -0.10003970563411713]
Vel: [-0.26539146900177, 2.4291534423828125, 0.041559819132089615]
Acc: [1.255317211151123, 18.012094497680664, -8.331693649291992]
Gyro:[-1.2926603555679321, 0.5855209827423096, 3.8630318641662598]
Mag: [-0.12219663709402084, -0.08155586570501328, -0.10003970563411713]
Vel: [-0.44050174951553345, 1.7137895822525024, 0.17358548939228058]
Acc: [0.1604473888874054, 16.00006866455078, -10.490889549255371]
Gyro:[-1.287193775177002, -0.19505919516086578, 2.596343755722046]
Mag: [-0.12219663709402084, -0.08155586570501328, -0.10003970563411713]
Vel: [-0.4617220461368561, 1.2579768896102905, 0.18715733289718628]
Acc: [2.5055994987487793, 9.457304000854492, -9.494686126708984]
Gyro:[-0.7045889496803284, -0.3289377689361572, 0.5239251852035522]
Mag: [-0.17560487985610962, -0.007759778294712305, -0.16101953387260437]
Vel: [-0.5060802698135376, 0.725676953792572, 0.2075497806072235]
Acc: [4.529079914093018, 3.887012004852295, -9.365732192993164]
Gyro:[-0.9633194208145142, -0.24441006779670715, 0.3927549719810486]
Mag: [-0.17560487985610962, -0.007759778294712305, -0.16101953387260437]
Vel: [-0.6421661972999573, 0.6005961298942566, 0.2128942608833313]
Acc: [7.768688201904297, 0.5880776047706604, -10.492303848266602]
Gyro:[-0.3982732594013214, -0.41033270955085754, 0.993261992931366]
Mag: [-0.17560487985610962, -0.007759778294712305, -0.16101953387260437]
Vel: [-0.8924267888069153, 0.5684547424316406, 0.1889224350452423]
Acc: [9.223811149597168, 4.231479644775391, -7.589931488037109]
Gyro:[-0.567678689956665, -0.942638635635376, 0.24680162966251373]
Mag: [-0.17560487985610962, -0.007759778294712305, -0.16101953387260437]
Vel: [-1.1935384273529053, 0.43111610412597656, 0.2341741919517517]
Acc: [9.693638801574707, 3.4181668758392334, -7.343562602996826]
Gyro:[-0.31546536087989807, -0.6428099870681763, -0.5710369348526001]
Mag: [-0.19136804342269897, 0.025538334622979164, -0.17222629487514496]
Vel: [-1.5015902519226074, 0.3090781271457672, 0.31498754024505615]
Acc: [8.245076179504395, 3.2567453384399414, -7.670587062835693]
Gyro:[0.5295186042785645, -0.5866263508796692, -1.1171492338180542]
Mag: [-0.19136804342269897, 0.025538334622979164, -0.17222629487514496]
Vel: [-1.7791820764541626, 0.20961503684520721, 0.392110675573349]
Acc: [1.9446724653244019, 0.7725608944892883, -9.863753318786621]
Gyro:[0.9179262518882751, -0.16967198252677917, -1.0219911336898804]
Mag: [-0.19136804342269897, 0.025538334622979164, -0.17222629487514496]
Vel: [-1.9583122730255127, 0.1455320566892624, 0.43299055099487305]
Acc: [-3.8145763874053955, -0.3339506685733795, -10.394309043884277]
Gyro:[1.194192886352539, -0.17927925288677216, -1.0828784704208374]
Mag: [-0.19136804342269897, 0.025538334622979164, -0.17222629487514496]
Vel: [-1.9093942642211914, 0.1366112381219864, 0.41435128450393677]
Acc: [-7.455073356628418, -3.667720079421997, -9.763849258422852]
Gyro:[0.14819590747356415, 0.7381833791732788, 0.3785337507724762]
Mag: [-0.13867805898189545, -0.012398207560181618, -0.21907973289489746]
Vel: [-1.6854679584503174, 0.20135164260864258, 0.38961851596832275]
Acc: [-10.595308303833008, -0.5310681462287903, -11.364659309387207]
Gyro:[0.10270708799362183, 0.7151885628700256, 0.9738512635231018]
Mag: [-0.13867805898189545, -0.012398207560181618, -0.21907973289489746]
Vel: [-1.3568583726882935, 0.21608923375606537, 0.32354626059532166]
Acc: [-10.297225952148438, -1.9025733470916748, -11.115113258361816]
Gyro:[-0.36504149436950684, 0.6116724014282227, 1.1357470750808716]
Mag: [-0.13867805898189545, -0.012398207560181618, -0.21907973289489746]
Vel: [-1.0152921676635742, 0.2522801160812378, 0.2881248891353607]
Acc: [-10.199804306030273, -0.25796279311180115, -9.505600929260254]
Gyro:[-0.21326248347759247, 1.1999824047088623, 2.0798723697662354]
Mag: [-0.13867805898189545, -0.012398207560181618, -0.21907973289489746]
Vel: [-0.6300276517868042, 0.28288543224334717, 0.2907354533672333]
Acc: [-11.167201042175293, 2.090336561203003, -13.407318115234375]
Gyro:[0.19832439720630646, 0.9299296140670776, 1.0324528217315674]
Mag: [-0.10023865103721619, -0.031129706650972366, -0.1405344009399414]
Vel: [-0.2538188695907593, 0.2540501356124878, 0.22210295498371124]
Acc: [-10.062487602233887, 1.019618272781372, -14.16253662109375]
Gyro:[-0.11270972341299057, 0.338970422744751, 0.5590862035751343]
Mag: [-0.10023865103721619, -0.031129706650972366, -0.1405344009399414]
Vel: [0.07373104989528656, 0.25164148211479187, 0.12336825579404831]
Acc: [-8.610145568847656, 0.08297927677631378, -13.69968318939209]
Gyro:[0.3843792676925659, -0.06501337885856628, -0.20666107535362244]
Mag: [-0.10023865103721619, -0.031129706650972366, -0.1405344009399414]
Vel: [0.43058666586875916, 0.2761048972606659, 0.014393508434295654]
Acc: [-7.533871173858643, 1.8755306005477905, -13.400877952575684]
Gyro:[0.2997943162918091, -0.4506456255912781, -0.6291500926017761]
Mag: [-0.10023865103721619, -0.031129706650972366, -0.1405344009399414]
Vel: [0.7204527258872986, 0.25446057319641113, -0.07927954941987991]
Acc: [-6.482501029968262, 2.5069479942321777, -11.99647331237793]
Gyro:[0.37236809730529785, -0.5871103405952454, -0.9960659742355347]
Mag: [-0.09946449846029282, -0.02123948000371456, -0.14958827197551727]
Vel: [1.0026843547821045, 0.16722290217876434, -0.13867025077342987]
Acc: [-6.237694263458252, 1.8490240573883057, -10.781904220581055]
Gyro:[0.2776253819465637, 0.20205539464950562, -1.9122422933578491]
Mag: [-0.0949719101190567, -0.012068432755768299, -0.17368297278881073]
Vel: [1.2241251468658447, 0.07834795117378235, -0.14202435314655304]
Acc: [-4.913858890533447, -1.0791012048721313, -8.94522476196289]
Gyro:[0.016612203791737556, 0.03828554227948189, -1.6232820749282837]
Mag: [-0.0949719101190567, -0.012068432755768299, -0.17368297278881073]
Vel: [1.4860235452651978, 0.050061069428920746, -0.1254526823759079]
Acc: [-5.27960205078125, -2.0710597038269043, -8.13992691040039]
Gyro:[0.3264394700527191, 0.2691814601421356, -1.281697392463684]
Mag: [-0.0949719101190567, -0.012068432755768299, -0.17368297278881073]
Vel: [1.6071513891220093, 0.06751541048288345, -0.08784254640340805]
Acc: [-3.290573835372925, 2.2398436069488525, -6.57819938659668]
Gyro:[0.4468124806880951, 0.6910912394523621, -0.5196712017059326]
Mag: [-0.12016764283180237, -0.004200948867946863, -0.20659387111663818]
Vel: [1.7771251201629639, 0.040033333003520966, 0.021427493542432785]
Acc: [0.8761226534843445, 0.07420744001865387, -8.372114181518555]
Gyro:[-0.504056990146637, 0.4964520037174225, -0.5729241371154785]
Mag: [-0.16206400096416473, -0.004831389989703894, -0.2186594009399414]
Vel: [1.8419135808944702, -0.12460760027170181, 0.1250724196434021]
Acc: [2.482757091522217, -1.5331580638885498, -7.80239200592041]
Gyro:[0.695712685585022, 0.2782111167907715, -0.21447299420833588]
Mag: [-0.16206400096416473, -0.004831389989703894, -0.2186594009399414]
Vel: [1.7801684141159058, -0.11712182313203812, 0.187399223446846]
Acc: [6.766235828399658, 2.934710741043091, -6.915194034576416]
Gyro:[0.7227821946144104, -0.17067162692546844, -0.4675940275192261]
Mag: [-0.16206400096416473, -0.004831389989703894, -0.2186594009399414]
Vel: [1.5865180492401123, -0.20811739563941956, 0.27526727318763733]
Acc: [14.397174835205078, -1.4290997982025146, -7.591239929199219]
Gyro:[-1.862610101699829, -0.3837321996688843, -0.9253391027450562]
Mag: [-0.16844956576824188, -0.010796807706356049, -0.17504754662513733]
Vel: [1.3163081407546997, -0.22386394441127777, 0.32445791363716125]
Acc: [14.530704498291016, -2.917527437210083, -9.56851863861084]
Gyro:[-1.979561448097229, -0.2257763147354126, -0.2439052164554596]
Mag: [-0.1428329050540924, -0.016912389546632767, -0.13639669120311737]
Vel: [0.8435191512107849, -0.07985029369592667, 0.26170429587364197]
Acc: [12.135017395019531, 0.2294626533985138, -9.897089958190918]
Gyro:[-0.2474125176668167, -0.2777291238307953, 0.26962101459503174]
Mag: [-0.1428329050540924, -0.016912389546632767, -0.13639669120311737]
Vel: [0.4867386221885681, -0.032345809042453766, 0.1985539197921753]
Acc: [10.552291870117188, -4.2845611572265625, -11.100488662719727]
Gyro:[-1.0116006135940552, -0.15740379691123962, -0.33400484919548035]
Mag: [-0.1428329050540924, -0.016912389546632767, -0.13639669120311737]
Vel: [0.10861717909574509, 0.1233125850558281, 0.12704366445541382]
Acc: [10.183340072631836, -6.173087120056152, -11.818710327148438]
Gyro:[-0.6625639796257019, -0.16018007695674896, -0.36383056640625]
Mag: [-0.1428329050540924, -0.016912389546632767, -0.13639669120311737]
Vel: [-0.14566321671009064, 0.35397276282310486, 0.03203144297003746]
Acc: [11.501622200012207, -2.2047548294067383, -13.004841804504395]
Gyro:[0.33591246604919434, -0.6262893080711365, -0.05139988660812378]
Mag: [-0.11952520906925201, -0.020645080134272575, -0.1529838740825653]
Vel: [-0.42568808794021606, 0.47936779260635376, -0.07860593497753143]
Acc: [14.520880699157715, 0.30419760942459106, -9.916287422180176]
Gyro:[0.9644911885261536, -1.2007712125778198, -0.6173217296600342]
Mag: [-0.11952520906925201, -0.020645080134272575, -0.1529838740825653]
Vel: [-0.8560004234313965, 0.532222330570221, -0.15114127099514008]
Acc: [14.746065139770508, -0.1404167264699936, -7.51260232925415]
Gyro:[0.628943681716919, -1.0844465494155884, -0.4044892191886902]
Mag: [-0.11952520906925201, -0.020645080134272575, -0.1529838740825653]
Vel: [-1.271645188331604, 0.6006192564964294, -0.10817362368106842]
Acc: [12.319498062133789, -1.071845293045044, -6.524258613586426]
Gyro:[0.747035026550293, -0.8213218450546265, -0.8117163777351379]
Mag: [-0.11952520906925201, -0.020645080134272575, -0.1529838740825653]
Vel: [-1.7007993459701538, 0.6832051277160645, -0.007643208373337984]
Acc: [7.372467517852783, -0.3139941692352295, -7.1108222007751465]
Gyro:[0.38285332918167114, -0.7070967555046082, -0.6675776839256287]
Mag: [-0.17934410274028778, -0.023364491760730743, -0.11873657256364822]
Vel: [-2.055764675140381, 0.754159688949585, 0.11167866736650467]
Acc: [3.7251672744750977, -0.7842996120452881, -7.351006984710693]
Gyro:[0.2215380072593689, -0.7702821493148804, -0.34612005949020386]
Mag: [-0.17934410274028778, -0.023364491760730743, -0.11873657256364822]
Vel: [-2.1922590732574463, 0.7876987457275391, 0.20898059010505676]
Acc: [-5.221704483032227, 1.7042361497879028, -5.223028182983398]
Gyro:[0.40725022554397583, 0.05973762273788452, -0.23458819091320038]
Mag: [-0.17934410274028778, -0.023364491760730743, -0.11873657256364822]
Vel: [-2.101097822189331, 0.6854886412620544, 0.3586657643318176]
Acc: [-8.14969253540039, -0.1503140777349472, -8.47675609588623]
Gyro:[-0.5974844694137573, 0.2693448066711426, 0.5180274844169617]
Mag: [-0.17934410274028778, -0.023364491760730743, -0.11873657256364822]
Vel: [-1.866690993309021, 0.5799352526664734, 0.41229909658432007]
Acc: [-8.35778522491455, 0.6159198880195618, -9.334644317626953]
Gyro:[-0.18107639253139496, 0.4939204752445221, 0.9577426910400391]
Mag: [-0.16136719286441803, -0.030094407498836517, -0.20148023962974548]
Vel: [-1.6409263610839844, 0.47320330142974854, 0.4196964204311371]
Acc: [-8.993853569030762, -0.6284307241439819, -10.26007080078125]
Gyro:[-1.137216329574585, 0.5803561210632324, 2.3535168170928955]
Mag: [-0.16136719286441803, -0.030094407498836517, -0.20148023962974548]
Vel: [-1.353752613067627, 0.3843967318534851, 0.39974454045295715]
Acc: [-8.059221267700195, -0.20002447068691254, -9.786922454833984]
Gyro:[-0.2409253567457199, 0.7967527508735657, 2.8239638805389404]
Mag: [-0.16136719286441803, -0.030094407498836517, -0.20148023962974548]
Vel: [-1.0821233987808228, 0.3459688723087311, 0.3773690462112427]
Acc: [-7.8136210441589355, 0.9271466732025146, -10.39948558807373]
Gyro:[-0.12920857965946198, 1.0363651514053345, 2.7325997352600098]
Mag: [-0.16136719286441803, -0.030094407498836517, -0.20148023962974548]
Vel: [-0.836429238319397, 0.2975362539291382, 0.34889599680900574]
Acc: [-8.461811065673828, 1.4316802024841309, -13.199165344238281]
Gyro:[0.17896504700183868, 0.5494800806045532, 1.7185345888137817]
Mag: [-0.09960472583770752, -0.020983662456274033, -0.1478668451309204]
Vel: [-0.5529308319091797, 0.23458193242549896, 0.253862202167511]
Acc: [-6.323439598083496, -1.1983449459075928, -12.45373249053955]
Gyro:[0.4666171967983246, 0.38084736466407776, 1.374099850654602]
Mag: [-0.09960472583770752, -0.020983662456274033, -0.1478668451309204]
Vel: [-0.3364381194114685, 0.25811463594436646, 0.180421382188797]
Acc: [-6.106924057006836, -0.8822944164276123, -12.623143196105957]
Gyro:[0.7517362236976624, 0.28928083181381226, 1.029744267463684]
Mag: [-0.09960472583770752, -0.020983662456274033, -0.1478668451309204]
Vel: [-0.08370890468358994, 0.30698278546333313, 0.07659407705068588]
Acc: [-4.7840752601623535, -2.149664878845215, -11.395406723022461]
Gyro:[0.1293383091688156, -0.19801738858222961, 0.5679197907447815]
Mag: [-0.09960472583770752, -0.020983662456274033, -0.1478668451309204]
Vel: [0.08935433626174927, 0.37052854895591736, 0.017305374145507812]
Acc: [-4.4464545249938965, -2.978644847869873, -11.467822074890137]
Gyro:[0.6242634057998657, 0.07497808337211609, 0.14377190172672272]
Mag: [-0.10721667110919952, -0.024537166580557823, -0.13497887551784515]
Vel: [0.22663402557373047, 0.44674691557884216, -0.03627225384116173]
Acc: [-4.016714572906494, -3.6568400859832764, -11.618452072143555]
Gyro:[1.0056713819503784, -0.006087052170187235, 0.05965844541788101]
Mag: [-0.10721667110919952, -0.024537166580557823, -0.13497887551784515]
Vel: [0.3447316586971283, 0.5300915837287903, -0.09421032667160034]
Acc: [-3.5861263275146484, -3.0948657989501953, -11.19450569152832]
Gyro:[0.8484068512916565, -0.021479152143001556, 0.04610317572951317]
Mag: [-0.10721667110919952, -0.024537166580557823, -0.13497887551784515]
Vel: [0.48446619510650635, 0.6052625775337219, -0.1545858234167099]
Acc: [-4.424070358276367, -1.5577832460403442, -12.277732849121094]
Gyro:[0.8128135204315186, -0.14176292717456818, -0.5536661148071289]
Mag: [-0.10721667110919952, -0.024537166580557823, -0.13497887551784515]
Vel: [0.6384914517402649, 0.6311258673667908, -0.23191066086292267]
Acc: [-4.739089012145996, -0.9930981397628784, -11.414522171020508]
Gyro:[0.6569328904151917, -0.2220497578382492, -0.4691287577152252]
Mag: [-0.10124491155147552, -0.03357399255037308, -0.1492297202348709]
Vel: [0.8127849102020264, 0.6237609386444092, -0.2730412781238556]
Acc: [-3.5192689895629883, -0.7985857725143433, -8.543379783630371]
Gyro:[0.2695225477218628, 0.40576010942459106, -0.7295244336128235]
Mag: [-0.10324142128229141, -0.04394709691405296, -0.1704557240009308]
Vel: [0.9705268144607544, 0.6106261014938354, -0.23116208612918854]
Acc: [-5.050386905670166, -0.4448098838329315, -11.152944564819336]
Gyro:[-0.5734345316886902, 0.30620408058166504, -0.22688040137290955]
Mag: [-0.10324142128229141, -0.04394709691405296, -0.1704557240009308]
Vel: [1.0898305177688599, 0.5979851484298706, -0.24525263905525208]
Acc: [-4.697308540344238, 0.8422858715057373, -10.53155517578125]
Gyro:[-0.6211539506912231, -0.036459848284721375, -0.16727891564369202]
Mag: [-0.10324142128229141, -0.04394709691405296, -0.1704557240009308]
Vel: [1.3209850788116455, 0.5134771466255188, -0.23213490843772888]
Acc: [-1.827789068222046, 4.595127105712891, -8.39465045928955]
Gyro:[-0.47095170617103577, 0.868224024772644, 0.15581902861595154]
Mag: [-0.14446088671684265, -0.060859423130750656, -0.20958103239536285]
Vel: [1.4365112781524658, 0.353130966424942, -0.14923572540283203]
Acc: [-1.9186699390411377, 5.2112650871276855, -10.03964900970459]
Gyro:[0.06327534466981888, 0.8011634945869446, 0.05815405771136284]
Mag: [-0.14446088671684265, -0.060859423130750656, -0.20958103239536285]
Vel: [1.5261863470077515, 0.1713135838508606, -0.12893778085708618]
Acc: [2.3686468601226807, 8.200189590454102, -7.384796619415283]
Gyro:[-0.08974471688270569, -0.0035551113542169333, -0.08898462355136871]
Mag: [-0.14446088671684265, -0.060859423130750656, -0.20958103239536285]
Vel: [1.537509560585022, -0.15323907136917114, -0.014897216111421585]
Acc: [3.764925479888916, 7.169260501861572, -8.298113822937012]
Gyro:[-0.7731940746307373, 0.14862486720085144, -0.9852160215377808]
Mag: [-0.14446088671684265, -0.060859423130750656, -0.20958103239536285]
Vel: [1.4881104230880737, -0.4417770206928253, 0.0696682259440422]
Acc: [6.718748569488525, 6.387203693389893, -8.40555477142334]
Gyro:[-0.463803231716156, -0.7674289345741272, -1.5959731340408325]
Mag: [-0.15760064125061035, -0.012008153833448887, -0.19322055578231812]
Vel: [1.3617314100265503, -0.7188568115234375, 0.11793563514947891]
Acc: [7.851253986358643, 6.870036602020264, -7.451364517211914]
Gyro:[-0.26920944452285767, -0.7699201703071594, -1.794446349143982]
Mag: [-0.15760064125061035, -0.012008153833448887, -0.19322055578231812]
Vel: [1.1478583812713623, -0.9754904508590698, 0.18422062695026398]
Acc: [8.76976490020752, 7.63686990737915, -8.583491325378418]
Gyro:[-0.32203084230422974, -0.22614195942878723, -1.9189627170562744]
Mag: [-0.15760064125061035, -0.012008153833448887, -0.19322055578231812]
Vel: [0.8476411700248718, -1.2661038637161255, 0.24045541882514954]
Acc: [8.289341926574707, 5.4746012687683105, -9.393574714660645]
Gyro:[-0.6596972346305847, -0.5746189951896667, -2.9283738136291504]
Mag: [-0.15760064125061035, -0.012008153833448887, -0.19322055578231812]
Vel: [0.5645860433578491, -1.5029475688934326, 0.242052361369133]
Acc: [8.791842460632324, 0.8230690956115723, -8.343461036682129]
Gyro:[-1.106586217880249, -0.7054868936538696, -3.2290008068084717]
Mag: [-0.16162019968032837, -0.03185198828577995, -0.16311874985694885]
Vel: [0.3024640679359436, -1.5006484985351562, 0.26291292905807495]
Acc: [8.840227127075195, -4.562694072723389, -10.001496315002441]
Gyro:[0.28295162320137024, -0.09187905490398407, -2.987083911895752]
Mag: [-0.13077597320079803, -0.05203748494386673, -0.14090366661548615]
Vel: [0.11148792505264282, -1.334883689880371, 0.26323139667510986]
Acc: [8.479583740234375, -3.255007743835449, -10.71712875366211]
Gyro:[0.49643033742904663, -0.4597460925579071, -2.5055558681488037]
Mag: [-0.13077597320079803, -0.05203748494386673, -0.14090366661548615]
Vel: [-0.14342015981674194, -1.0593249797821045, 0.20373307168483734]
Acc: [8.595863342285156, -3.3260738849639893, -11.142863273620605]
Gyro:[0.2213028222322464, -0.5759117007255554, -2.346121311187744]
Mag: [-0.13077597320079803, -0.05203748494386673, -0.14090366661548615]
Vel: [-0.3515467941761017, -0.8281557559967041, 0.14315564930438995]
Acc: [10.116168022155762, -2.8797261714935303, -11.481697082519531]
Gyro:[0.7244571447372437, -0.5440344214439392, -2.17409610748291]
Mag: [-0.11993764340877533, -0.06050172448158264, -0.12209965288639069]
Vel: [-0.5249884128570557, -0.6379448175430298, 0.09556112438440323]
Acc: [11.6652250289917, -2.100860834121704, -9.822341918945312]
Gyro:[0.703504204750061, -0.832186758518219, -2.013697385787964]
Mag: [-0.11094442754983902, -0.08232937753200531, -0.09884859621524811]
Vel: [-0.790842592716217, -0.38938358426094055, 0.05806594714522362]
Acc: [13.00660228729248, -2.9086735248565674, -8.667353630065918]
Gyro:[0.46078619360923767, -0.8073626756668091, -1.6820800304412842]
Mag: [-0.11094442754983902, -0.08232937753200531, -0.09884859621524811]
Vel: [-1.0928406715393066, -0.041172683238983154, 0.09215300530195236]
Acc: [10.686646461486816, -4.373239040374756, -7.698262691497803]
Gyro:[0.6247797012329102, -0.36712270975112915, -1.1788461208343506]
Mag: [-0.11094442754983902, -0.08232937753200531, -0.09884859621524811]
Vel: [-1.319075584411621, 0.3375663757324219, 0.16226425766944885]
Acc: [9.854238510131836, -6.553411960601807, -7.137247085571289]
Gyro:[0.7309427857398987, -0.18925665318965912, -1.1012822389602661]
Mag: [-0.10966729372739792, -0.10288751125335693, -0.08480498194694519]
Vel: [-1.4517654180526733, 0.686370313167572, 0.234502911567688]
Acc: [8.239884376525879, -7.173006057739258, -7.163600921630859]
Gyro:[0.39556053280830383, -0.1288919895887375, -0.6451477408409119]
Mag: [-0.1231171190738678, -0.11801569163799286, -0.08455587923526764]
Vel: [-1.4864223003387451, 1.008018970489502, 0.2960825562477112]
Acc: [2.9645025730133057, -8.284271240234375, -8.076529502868652]
Gyro:[0.1996428370475769, 0.13630236685276031, 0.6064335107803345]
Mag: [-0.1231171190738678, -0.11801569163799286, -0.08455587923526764]
Vel: [-1.3869093656539917, 1.3141952753067017, 0.3328489661216736]
Acc: [0.28757786750793457, -7.859802722930908, -8.297284126281738]
Gyro:[0.15773969888687134, 0.019991198554635048, 1.2818304300308228]
Mag: [-0.1231171190738678, -0.11801569163799286, -0.08455587923526764]
Vel: [-1.2806528806686401, 1.3975437879562378, 0.3470410704612732]
Acc: [-5.339879512786865, -4.219496726989746, -8.41323471069336]
Gyro:[-0.4373474419116974, 0.26180920004844666, 2.369978666305542]
Mag: [-0.1231171190738678, -0.11801569163799286, -0.08455587923526764]
Vel: [-1.0888313055038452, 1.3674505949020386, 0.3635139763355255]
Acc: [-6.717966556549072, 0.8318295478820801, -11.708028793334961]
Gyro:[-1.122428059577942, 0.3949880599975586, 3.513441324234009]
Mag: [-0.15221545100212097, -0.09876679629087448, -0.13028715550899506]
Vel: [-0.9372251033782959, 1.1940287351608276, 0.29973703622817993]
Acc: [-6.307685852050781, 2.4771409034729004, -10.417478561401367]
Gyro:[-0.6995093822479248, 0.0556052103638649, 4.006335258483887]
Mag: [-0.15221545100212097, -0.09876679629087448, -0.13028715550899506]
Vel: [-0.8323196768760681, 1.0363545417785645, 0.2773401439189911]
Acc: [-6.387418746948242, 3.5195343494415283, -9.73392105102539]
Gyro:[0.317380428314209, 0.2531132400035858, 3.721156597137451]
Mag: [-0.15221545100212097, -0.09876679629087448, -0.13028715550899506]
Vel: [-0.7170971035957336, 0.8657212853431702, 0.27507826685905457]
Acc: [-6.325533866882324, 2.920445680618286, -9.369678497314453]
Gyro:[0.3377917408943176, 0.47631677985191345, 2.9851977825164795]
Mag: [-0.15221545100212097, -0.09876679629087448, -0.13028715550899506]
Vel: [-0.5733224749565125, 0.6981987357139587, 0.2820189893245697]
Acc: [-4.590445041656494, 0.7630859017372131, -10.383893013000488]
Gyro:[-0.2146662026643753, 0.35819557309150696, 2.3752331733703613]
Mag: [-0.1448071449995041, -0.02440367080271244, -0.16377529501914978]
Vel: [-0.43978479504585266, 0.6090410351753235, 0.27461671829223633]
Acc: [-3.556994676589966, 0.654233455657959, -10.489115715026855]
Gyro:[0.11326111853122711, 0.2298145592212677, 2.1157419681549072]
Mag: [-0.1448071449995041, -0.02440367080271244, -0.16377529501914978]
Vel: [-0.3250923454761505, 0.5550728440284729, 0.24970176815986633]
Acc: [-2.73948335647583, 0.07957978546619415, -10.547913551330566]
Gyro:[0.05272921919822693, 0.145346000790596, 1.8814713954925537]
Mag: [-0.1448071449995041, -0.02440367080271244, -0.16377529501914978]
Vel: [-0.23819638788700104, 0.5197899341583252, 0.22530865669250488]
Acc: [-2.072770833969116, -0.12028127908706665, -10.367297172546387]
Gyro:[0.09176578372716904, 0.3259957432746887, 1.9634599685668945]
Mag: [-0.1448071449995041, -0.02440367080271244, -0.16377529501914978]
Vel: [-0.18147756159305573, 0.5058894157409668, 0.20636817812919617]
Acc: [-1.42690908908844, 0.44952458143234253, -10.809732437133789]
Gyro:[0.3104724586009979, 0.2904064953327179, 1.8203610181808472]
Mag: [-0.11807015538215637, -0.000563823850825429, -0.17748995125293732]
Vel: [-0.11375084519386292, 0.4614035487174988, 0.1627582460641861]
Acc: [-1.250784993171692, 1.5376101732254028, -10.289581298828125]
Gyro:[0.14344166219234467, 0.1370803415775299, 1.1778522729873657]
Mag: [-0.11807015538215637, -0.000563823850825429, -0.17748995125293732]
Vel: [-0.0720711424946785, 0.39589640498161316, 0.1426123082637787]
Acc: [-0.8510313630104065, 1.1099697351455688, -10.189926147460938]
Gyro:[-0.2633836567401886, -0.1009131446480751, 0.6053934693336487]
Mag: [-0.11807015538215637, -0.000563823850825429, -0.17748995125293732]
Vel: [-0.03360792621970177, 0.3315999209880829, 0.13597792387008667]
Acc: [-0.840135395526886, 1.3947539329528809, -10.573010444641113]
Gyro:[0.15821075439453125, -0.14324992895126343, 0.2841220200061798]
Mag: [-0.11807015538215637, -0.000563823850825429, -0.17748995125293732]
Vel: [-0.013338197022676468, 0.2896689474582672, 0.1216166689991951]
Acc: [-1.1003592014312744, 1.3971967697143555, -10.137680053710938]
Gyro:[-0.10724940896034241, -0.29737916588783264, 0.24379406869411469]
Mag: [-0.11272825300693512, -0.006858298555016518, -0.17603348195552826]
Vel: [0.03231466934084892, 0.20678874850273132, 0.10665569454431534]
Acc: [-1.418890118598938, -0.09007669985294342, -10.133513450622559]
Gyro:[0.0024520293809473515, -0.16045713424682617, 0.2008112668991089]
Mag: [-0.11272825300693512, -0.006858298555016518, -0.17603348195552826]
Vel: [0.05245048925280571, 0.18214184045791626, 0.10048729926347733]
Acc: [-1.8436721563339233, -0.11656231433153152, -10.030014991760254]
Gyro:[0.14444662630558014, -0.1583654135465622, 0.11824221909046173]
Mag: [-0.11272825300693512, -0.006858298555016518, -0.17603348195552826]
Vel: [0.10155688971281052, 0.17119917273521423, 0.08998916298151016]
Acc: [-1.5705974102020264, -0.3541075885295868, -9.540815353393555]
Gyro:[0.3692465126514435, -0.17339758574962616, 0.04742453619837761]
Mag: [-0.11272825300693512, -0.006858298555016518, -0.17603348195552826]
Vel: [0.13483579456806183, 0.16427402198314667, 0.09049259126186371]
Acc: [-2.0272746086120605, -0.19253680109977722, -9.195395469665527]
Gyro:[0.5351094603538513, 0.051145389676094055, -0.08757881820201874]
Mag: [-0.11745751649141312, -0.012231321074068546, -0.17994971573352814]
Vel: [0.17609508335590363, 0.15958784520626068, 0.107146255671978]
Acc: [-2.1558525562286377, -0.09911278635263443, -9.216168403625488]
Gyro:[0.4773435890674591, 0.26244524121284485, -0.13754045963287354]
Mag: [-0.11745751649141312, -0.012231321074068546, -0.17994971573352814]
Vel: [0.2527291178703308, 0.1384722739458084, 0.130044087767601]
Acc: [-2.476053237915039, 0.2020828127861023, -9.768853187561035]
Gyro:[0.8515450358390808, 0.26741713285446167, -0.05899503082036972]
Mag: [-0.11745751649141312, -0.012231321074068546, -0.17994971573352814]
Vel: [0.3272751271724701, 0.1122824177145958, 0.1318337768316269]
Acc: [-2.3696184158325195, -0.16018536686897278, -10.210225105285645]
Gyro:[0.7450684905052185, 0.3659879267215729, 0.07046310603618622]
Mag: [-0.11745751649141312, -0.012231321074068546, -0.17994971573352814]
Vel: [0.38323110342025757, 0.09283775836229324, 0.12854164838790894]
Acc: [-2.4894769191741943, -0.21107953786849976, -9.640519142150879]
Gyro:[0.39061954617500305, 0.25255703926086426, -0.10443173348903656]
Mag: [-0.11673302948474884, -0.012953060679137707, -0.19025592505931854]
Vel: [0.4760933816432953, 0.05478513613343239, 0.1256200224161148]
Acc: [-3.08473539352417, 0.12377848476171494, -10.127229690551758]
Gyro:[-0.34581422805786133, 0.2271091192960739, -0.3793756365776062]
Mag: [-0.11363134533166885, -0.021114880219101906, -0.20490899682044983]
Vel: [0.5716137290000916, 0.023388328030705452, 0.11881139874458313]
Acc: [-3.1199562549591064, 0.46204784512519836, -10.281987190246582]
Gyro:[-0.6036242246627808, 0.0737609714269638, -0.626913845539093]
Mag: [-0.11363134533166885, -0.021114880219101906, -0.20490899682044983]
Vel: [0.7061908841133118, -0.0323469340801239, 0.10535784810781479]
Acc: [-3.8552730083465576, 0.9022077322006226, -10.248198509216309]
Gyro:[-0.801834225654602, 0.023798827081918716, -0.9552608132362366]
Mag: [-0.11363134533166885, -0.021114880219101906, -0.20490899682044983]
Vel: [0.8223373889923096, -0.08262133598327637, 0.09734489023685455]
Acc: [-4.374802589416504, 1.0183402299880981, -10.763096809387207]
Gyro:[-0.566717267036438, 0.0062321871519088745, -1.3988724946975708]
Mag: [-0.14745405316352844, 0.01075476873666048, -0.2425752729177475]
Vel: [1.0112470388412476, -0.15234674513339996, 0.06704210489988327]
Acc: [-4.824844837188721, 1.7713534832000732, -10.160513877868652]
Gyro:[-0.3544509708881378, -0.16833548247814178, -1.7531851530075073]
Mag: [-0.14745405316352844, 0.01075476873666048, -0.2425752729177475]
Vel: [1.1657934188842773, -0.21094876527786255, 0.05784936621785164]
Acc: [-4.28297233581543, 1.3545246124267578, -10.145135879516602]
Gyro:[-0.24840497970581055, 0.01471562497317791, -1.5944476127624512]
Mag: [-0.14745405316352844, 0.01075476873666048, -0.2425752729177475]
Vel: [1.3182759284973145, -0.2812960147857666, 0.04698275029659271]
Acc: [-2.946744918823242, 0.3366248309612274, -10.525619506835938]
Gyro:[0.13382475078105927, 0.22256191074848175, -1.116010069847107]
Mag: [-0.14745405316352844, 0.01075476873666048, -0.2425752729177475]
Vel: [1.4301048517227173, -0.3282400965690613, 0.028408557176589966]
Acc: [-1.3436455726623535, -2.3614540100097656, -8.969093322753906]
Gyro:[0.20267917215824127, 0.2775524854660034, -0.6810019016265869]
Mag: [-0.18973882496356964, -0.004724346566945314, -0.1680445373058319]
Vel: [1.5053609609603882, -0.30784958600997925, 0.039533670991659164]
Acc: [-0.015620337799191475, -2.963200807571411, -8.554082870483398]
Gyro:[0.6274141669273376, 0.47889041900634766, -0.29081571102142334]
Mag: [-0.18973882496356964, -0.004724346566945314, -0.1680445373058319]
Vel: [1.4969944953918457, -0.22555367648601532, 0.08658995479345322]
Acc: [4.303120136260986, -2.653118848800659, -7.32488489151001]
Gyro:[0.8765175342559814, 0.41305145621299744, 0.2007407546043396]
Mag: [-0.18973882496356964, -0.004724346566945314, -0.1680445373058319]
Vel: [1.3938167095184326, -0.17270633578300476, 0.14137251675128937]
Acc: [8.722774505615234, -1.0345510244369507, -7.0753607749938965]
Gyro:[-0.10345207899808884, 0.1416921317577362, -0.023639896884560585]
Mag: [-0.18973882496356964, -0.004724346566945314, -0.1680445373058319]
Vel: [1.1875193119049072, -0.1519964188337326, 0.20724473893642426]
Acc: [11.946022987365723, -2.5136406421661377, -7.611927509307861]
Gyro:[-0.022789591923356056, 0.37244290113449097, -0.494895875453949]
Mag: [-0.18973882496356964, -0.004724346566945314, -0.1680445373058319]
Vel: [0.737855076789856, -0.09613551944494247, 0.24388918280601501]
Acc: [10.329272270202637, -0.802422285079956, -11.324785232543945]
Gyro:[-0.7237645387649536, 0.22738535702228546, 0.0027348222211003304]
Mag: [-0.1488976627588272, -0.03266775980591774, -0.14381152391433716]
Vel: [0.45065271854400635, -0.09399797022342682, 0.18691515922546387]
Acc: [10.27857494354248, -0.5710418820381165, -11.029399871826172]
Gyro:[-0.7282309532165527, -0.025298546999692917, -0.07405896484851837]
Mag: [-0.1488976627588272, -0.03266775980591774, -0.14381152391433716]
Vel: [0.1406896561384201, -0.07903680950403214, 0.12651950120925903]
Acc: [9.07450008392334, -4.1406569480896, -9.077129364013672]
Gyro:[-0.5961865782737732, -0.3210617005825043, -0.5136978626251221]
Mag: [-0.1488976627588272, -0.03266775980591774, -0.14381152391433716]
Vel: [-0.10781638324260712, 0.037322111427783966, 0.1164037436246872]
Acc: [9.733247756958008, -5.49461030960083, -8.847220420837402]
Gyro:[-0.02027936279773712, -0.3888106048107147, -0.5461307764053345]
Mag: [-0.13806460797786713, -0.03358418121933937, -0.14857172966003418]
Vel: [-0.4372757375240326, 0.23735778033733368, 0.11698689311742783]
Acc: [11.7064790725708, -1.4326032400131226, -8.61101245880127]
Gyro:[0.816253125667572, -0.7651870250701904, -0.38054946064949036]
Mag: [-0.13531264662742615, -0.031660448759794235, -0.14675360918045044]
Vel: [-0.7277323603630066, 0.3181808292865753, 0.12468994408845901]
Acc: [12.249598503112793, -0.16008900105953217, -7.59787130355835]
Gyro:[0.5861172080039978, -1.05461847782135, -0.615996778011322]
Mag: [-0.13531264662742615, -0.031660448759794235, -0.14675360918045044]
Vel: [-1.175724744796753, 0.35863128304481506, 0.19816307723522186]
Acc: [13.028284072875977, -2.0288171768188477, -6.652095317840576]
Gyro:[-0.2108985334634781, -0.9403399229049683, -0.7206571698188782]
Mag: [-0.13531264662742615, -0.031660448759794235, -0.14675360918045044]
Vel: [-1.5718046426773071, 0.4472970962524414, 0.29424765706062317]
Acc: [6.5116496086120605, -1.9303247928619385, -9.871577262878418]
Gyro:[-0.22173652052879333, -0.22341832518577576, -0.434594988822937]
Mag: [-0.16499917209148407, -0.021099437028169632, -0.13148248195648193]
Vel: [-1.980151891708374, 0.5536563992500305, 0.3584684431552887]
Acc: [-0.16442051529884338, -1.4727145433425903, -10.854290962219238]
Gyro:[0.16788703203201294, -0.4912181496620178, 0.0884849801659584]
Mag: [-0.20259185135364532, -0.015575696714222431, -0.14042949676513672]
Vel: [-1.9716379642486572, 0.551794707775116, 0.3315078914165497]
Acc: [-10.12214469909668, 1.817075252532959, -10.60966968536377]
Gyro:[-1.004935622215271, 0.18784254789352417, 1.684677243232727]
Mag: [-0.20259185135364532, -0.015575696714222431, -0.14042949676513672]
Vel: [-1.7439558506011963, 0.4455488622188568, 0.3060916066169739]
Acc: [-12.193623542785645, 2.4393656253814697, -11.298112869262695]
Gyro:[-0.3991779685020447, 0.32331883907318115, 1.6962970495224]
Mag: [-0.20259185135364532, -0.015575696714222431, -0.14042949676513672]
Vel: [-1.3949065208435059, 0.305877149105072, 0.23962777853012085]
Acc: [-11.158292770385742, 0.45377790927886963, -8.479148864746094]
Gyro:[-0.47530704736709595, 0.20012876391410828, 1.8419990539550781]
Mag: [-0.20259185135364532, -0.015575696714222431, -0.14042949676513672]
Vel: [-0.9901929497718811, 0.25108030438423157, 0.25453436374664307]
Acc: [-12.268478393554688, 0.885947048664093, -10.1016263961792]
Gyro:[-0.1267523318529129, 1.2078791856765747, 1.4189238548278809]
Mag: [-0.1310475766658783, 0.03745819255709648, -0.2289307862520218]
Vel: [-0.6396236419677734, 0.2333802729845047, 0.26388925313949585]
Acc: [-8.388540267944336, 1.9041619300842285, -11.58981704711914]
Gyro:[-0.17210423946380615, 0.33430153131484985, 0.8875378370285034]
Mag: [-0.1310475766658783, 0.03745819255709648, -0.2289307862520218]
Vel: [-0.32505467534065247, 0.20252981781959534, 0.2180793732404709]
Acc: [-7.083230018615723, 1.9807523488998413, -11.682722091674805]
Gyro:[0.18655982613563538, 0.28574028611183167, 0.46674758195877075]
Mag: [-0.1310475766658783, 0.03745819255709648, -0.2289307862520218]
Vel: [-0.06324726343154907, 0.14487655460834503, 0.1617458015680313]
Acc: [-5.107081413269043, 1.5389350652694702, -11.785419464111328]
Gyro:[0.27802345156669617, -0.08106864988803864, -0.15539729595184326]
Mag: [-0.1310475766658783, 0.03745819255709648, -0.2289307862520218]
Vel: [0.1649041771888733, 0.08529232442378998, 0.09245247393846512]
Acc: [-4.788817405700684, 1.2809538841247559, -11.809444427490234]
Gyro:[0.29186922311782837, -0.12689274549484253, -0.2884407937526703]
Mag: [-0.09240338951349258, 0.02983316220343113, -0.22098501026630402]
Vel: [0.34187081456184387, 0.033912286162376404, 0.030600788071751595]
Acc: [-5.420154094696045, 1.3487108945846558, -11.732758522033691]
Gyro:[0.44555631279945374, -0.28415006399154663, -0.6694614887237549]
Mag: [-0.09240338951349258, 0.02983316220343113, -0.22098501026630402]
Vel: [0.49961549043655396, -0.00871178787201643, -0.017794253304600716]
Acc: [-6.955820083618164, 1.2597784996032715, -11.414610862731934]
Gyro:[0.6701431274414062, -0.40192911028862, -1.1150856018066406]
Mag: [-0.09240338951349258, 0.02983316220343113, -0.22098501026630402]
Vel: [0.7316628098487854, -0.07572473585605621, -0.06879968196153641]
Acc: [-7.8727707862854, 0.2471589595079422, -10.801715850830078]
Gyro:[0.7446146607398987, -0.38350170850753784, -1.266435146331787]
Mag: [-0.09240338951349258, 0.02983316220343113, -0.22098501026630402]
Vel: [1.040368676185608, -0.15165506303310394, -0.1133166179060936]
Acc: [-7.5151591300964355, -0.38352203369140625, -10.387085914611816]
Gyro:[1.0287827253341675, -0.39160820841789246, -1.1813268661499023]
Mag: [-0.1657637655735016, 0.01288990955799818, -0.22213512659072876]
Vel: [1.2551519870758057, -0.20075513422489166, -0.1298181563615799]
Acc: [-5.753512859344482, -0.1586885005235672, -8.243963241577148]
Gyro:[0.43623873591423035, -0.3472842276096344, -1.005577564239502]
Mag: [-0.1657637655735016, 0.01288990955799818, -0.22213512659072876]
Vel: [1.430527687072754, -0.26963409781455994, -0.10589390248060226]
Acc: [-4.110517501831055, -3.2098116874694824, -6.8347554206848145]
Gyro:[1.0317689180374146, 0.43187540769577026, -0.2085621953010559]
Mag: [-0.1657637655735016, 0.01288990955799818, -0.22213512659072876]
Vel: [1.596177577972412, -0.25076529383659363, -0.022877546027302742]
Acc: [-1.779019832611084, -1.775614619255066, -6.127798080444336]
Gyro:[1.1875066757202148, 0.8362594842910767, 0.16774600744247437]
Mag: [-0.1657637655735016, 0.01288990955799818, -0.22213512659072876]
Vel: [1.679494857788086, -0.2276744693517685, 0.07299142330884933]
Acc: [2.9051849842071533, 0.984477162361145, -6.245748043060303]
Gyro:[-0.6147958636283875, 0.782636821269989, -0.8320427536964417]
Mag: [-0.18777121603488922, -0.02567041851580143, -0.13768284022808075]
Vel: [1.6364562511444092, -0.29489487409591675, 0.21270054578781128]
Acc: [8.675332069396973, -1.1612269878387451, -6.802996635437012]
Gyro:[-1.3451745510101318, -0.18986409902572632, -2.2337749004364014]
Mag: [-0.18777121603488922, -0.02567041851580143, -0.13768284022808075]
Vel: [1.4207332134246826, -0.2943195700645447, 0.3260155916213989]
Acc: [13.194246292114258, -1.6442086696624756, -10.288777351379395]
Gyro:[-0.6457270383834839, -0.46656641364097595, -1.7727181911468506]
Mag: [-0.18777121603488922, -0.02567041851580143, -0.13768284022808075]
Vel: [0.9621607661247253, -0.19867338240146637, 0.2942565977573395]
Acc: [11.886082649230957, 7.73716402053833, -12.276101112365723]
Gyro:[-0.10840541869401932, -0.33344727754592896, 2.3287246227264404]
Mag: [-0.18777121603488922, -0.02567041851580143, -0.13768284022808075]
Vel: [0.4958343207836151, -0.33869531750679016, 0.24141067266464233]
Acc: [7.594910621643066, 18.877567291259766, -15.294727325439453]
Gyro:[-0.38335084915161133, -0.21962949633598328, 0.2349265217781067]
Mag: [-0.12851844727993011, -0.04353964701294899, -0.13520114123821259]
Vel: [0.09715086966753006, -0.9729429483413696, 0.15320636332035065]
Acc: [7.694605827331543, 12.497720718383789, -14.408833503723145]
Gyro:[-1.1749063730239868, -1.011096715927124, -2.9112398624420166]
Mag: [-0.12851844727993011, -0.04353964701294899, -0.13520114123821259]
Vel: [-0.19688661396503448, -1.3460885286331177, 0.061408888548612595]
Acc: [7.0387396812438965, 0.857574462890625, -12.393757820129395]
Gyro:[-1.1663689613342285, -0.9204474091529846, -2.6572794914245605]
Mag: [-0.12851844727993011, -0.04353964701294899, -0.13520114123821259]
Vel: [-0.4364847242832184, -1.3676466941833496, -0.008122935891151428]
Acc: [2.6605100631713867, -3.857185125350952, -4.175758361816406]
Gyro:[-0.32332417368888855, -1.291683554649353, -3.0522620677948]
Mag: [-0.12851844727993011, -0.04353964701294899, -0.13520114123821259]
Vel: [-0.526123583316803, -1.3261587619781494, 0.0502951480448246]
Acc: [1.76610267162323, -6.105005264282227, -2.56306791305542]
Gyro:[-0.5059368014335632, -0.48545461893081665, -2.591491460800171]
Mag: [-0.1301443874835968, -0.039163220673799515, -0.10812105983495712]
Vel: [-0.5067065358161926, -1.1396890878677368, 0.2601529359817505]
Acc: [2.4471423625946045, -6.502895355224609, -8.215354919433594]
Gyro:[0.4976636469364166, 1.1196752786636353, -2.371790885925293]
Mag: [-0.12729397416114807, -0.06119069084525108, -0.05951637774705887]
Vel: [-0.45719489455223083, -0.8950476050376892, 0.37858304381370544]
Acc: [3.143686056137085, -7.786828517913818, -10.46143627166748]
Gyro:[0.6284874677658081, 1.1699873208999634, -2.236396551132202]
Mag: [-0.12729397416114807, -0.06119069084525108, -0.05951637774705887]
Vel: [-0.4033752977848053, -0.6742081046104431, 0.32892099022865295]
Acc: [3.942063331604004, -13.430912971496582, -12.199167251586914]
Gyro:[-0.04516477882862091, 0.3701944947242737, -1.3115679025650024]
Mag: [-0.12729397416114807, -0.06119069084525108, -0.05951637774705887]
Vel: [-0.23376131057739258, -0.2739577889442444, 0.20805034041404724]
Acc: [4.348965644836426, -19.995040893554688, -11.460137367248535]
Gyro:[0.04538651555776596, 0.09829816222190857, 0.16531234979629517]
Mag: [-0.10061294585466385, -0.08844207972288132, 0.0035739210434257984]
Vel: [0.020405558869242668, 0.17486310005187988, 0.09866359084844589]
Acc: [5.856675624847412, -20.570877075195312, -10.45931625366211]
Gyro:[-0.12746159732341766, -0.050380006432533264, 1.7276512384414673]
Mag: [-0.10061294585466385, -0.08844207972288132, 0.0035739210434257984]
Vel: [0.3229723572731018, 0.782168447971344, -0.009684075601398945]
Acc: [6.997645854949951, -18.919349670410156, -9.823988914489746]
Gyro:[-0.13136811554431915, 0.110996775329113, 2.591639518737793]
Mag: [-0.10061294585466385, -0.08844207972288132, 0.0035739210434257984]
Vel: [0.5256662368774414, 1.5010424852371216, -0.07960497587919235]
Acc: [8.57032299041748, -11.953879356384277, -8.93289852142334]
Gyro:[-0.5462238192558289, 0.34393131732940674, 3.765414237976074]
Mag: [-0.10061294585466385, -0.08844207972288132, 0.0035739210434257984]
Vel: [0.47782212495803833, 2.013990879058838, -0.0924047976732254]
Acc: [9.339218139648438, -2.9296436309814453, -9.95047664642334]
Gyro:[-0.04972928762435913, 0.31905555725097656, 4.209993362426758]
Mag: [-0.13859255611896515, -0.044185757637023926, -0.09823428094387054]
Vel: [0.3190351128578186, 2.2382476329803467, -0.10805729776620865]
Acc: [9.371135711669922, 1.2949429750442505, -10.284941673278809]
Gyro:[0.09580312669277191, 0.29097431898117065, 4.066417217254639]
Mag: [-0.13859255611896515, -0.044185757637023926, -0.09823428094387054]
Vel: [-0.026878375560045242, 2.2621078491210938, -0.1293470710515976]
Acc: [7.455126762390137, 9.406975746154785, -10.204157829284668]
Gyro:[-0.6006495356559753, -0.022888900712132454, 3.7188353538513184]
Mag: [-0.13859255611896515, -0.044185757637023926, -0.09823428094387054]
Vel: [-0.2811536192893982, 1.9914705753326416, -0.12660397589206696]
Acc: [3.875558376312256, 13.603302001953125, -9.685054779052734]
Gyro:[-0.2238340824842453, -0.004173843655735254, 2.737236499786377]
Mag: [-0.13859255611896515, -0.044185757637023926, -0.09823428094387054]
Vel: [-0.4491868317127228, 1.493457317352295, -0.10141495615243912]
Acc: [1.3427354097366333, 12.566985130310059, -8.01565933227539]
Gyro:[-0.26588770747184753, -0.16033591330051422, 1.8678532838821411]
Mag: [-0.13859255611896515, -0.044185757637023926, -0.09823428094387054]
Vel: [-0.4590945243835449, 1.1387642621994019, -0.04457181692123413]
Acc: [-0.6898230314254761, 8.101971626281738, -6.748875617980957]
Gyro:[-0.1903742104768753, -0.02082028239965439, 1.4350718259811401]
Mag: [-0.18307608366012573, 0.01872829720377922, -0.15577702224254608]
Vel: [-0.4065973460674286, 0.8085101842880249, 0.06770456582307816]
Acc: [-2.419318437576294, 7.977108001708984, -7.039133071899414]
Gyro:[-0.2501131296157837, 0.07282765209674835, 1.2358952760696411]
Mag: [-0.18307608366012573, 0.01872829720377922, -0.15577702224254608]
Vel: [-0.3293870687484741, 0.6227923035621643, 0.14653979241847992]
Acc: [-2.4279093742370605, 8.297898292541504, -7.529657363891602]
Gyro:[-0.06594368070363998, 0.1155247837305069, 0.854826033115387]
Mag: [-0.18307608366012573, 0.01872829720377922, -0.15577702224254608]
Vel: [-0.17245221138000488, 0.33663803339004517, 0.24304786324501038]
Acc: [-3.468360662460327, 9.275864601135254, -10.169215202331543]
Gyro:[0.07312414050102234, 0.4566984474658966, 0.19272886216640472]
Mag: [-0.17909133434295654, 0.041697945445775986, -0.1704769730567932]
Vel: [-0.01131247915327549, 0.09912531077861786, 0.27576136589050293]
Acc: [-3.276299476623535, 12.53476333618164, -11.860636711120605]
Gyro:[-0.5271817445755005, 0.20447982847690582, -0.42071694135665894]
Mag: [-0.1708221584558487, 0.04878189414739609, -0.17990697920322418]
Vel: [0.260206937789917, -0.34592241048812866, 0.2235458791255951]
Acc: [-2.416046380996704, 14.153412818908691, -12.2007417678833]
Gyro:[-0.755587100982666, 0.004618720151484013, -0.9473533034324646]
Mag: [-0.1708221584558487, 0.04878189414739609, -0.17990697920322418]
Vel: [0.4344794750213623, -0.7668548226356506, 0.15317469835281372]
Acc: [0.6559246182441711, 16.27484703063965, -10.768080711364746]
Gyro:[-0.5523151159286499, -0.37915298342704773, -2.024543523788452]
Mag: [-0.1708221584558487, 0.04878189414739609, -0.17990697920322418]
Vel: [0.5098279714584351, -1.117539882659912, 0.10977767407894135]
Acc: [4.3137054443359375, 12.426395416259766, -8.069828987121582]
Gyro:[-0.006563661620020866, -0.4634794294834137, -3.4093165397644043]
Mag: [-0.17544874548912048, 0.047434769570827484, -0.16531342267990112]
Vel: [0.4872000813484192, -1.6323766708374023, 0.0956781804561615]
Acc: [5.994734764099121, 7.492920875549316, -7.796816349029541]
Gyro:[0.3302021622657776, -0.07537975907325745, -3.940321445465088]
Mag: [-0.16797594726085663, 0.015602277591824532, -0.12797248363494873]
Vel: [0.27834752202033997, -1.964457631111145, 0.15786728262901306]
Acc: [6.87544584274292, -1.117344617843628, -9.681057929992676]
Gyro:[0.3322296440601349, 0.1744689643383026, -4.327719211578369]
Mag: [-0.16797594726085663, 0.015602277591824532, -0.12797248363494873]
Vel: [0.027097132056951523, -1.956694483757019, 0.18105268478393555]
Acc: [7.153112411499023, -10.969016075134277, -9.667679786682129]
Gyro:[0.17384637892246246, 0.018305955454707146, -3.5646345615386963]
Mag: [-0.16797594726085663, 0.015602277591824532, -0.12797248363494873]
Vel: [-0.09818236529827118, -1.7203245162963867, 0.18567082285881042]
Acc: [7.33989953994751, -14.299334526062012, -9.609397888183594]
Gyro:[0.12131080776453018, 0.20743398368358612, -3.076694965362549]
Mag: [-0.16797594726085663, 0.015602277591824532, -0.12797248363494873]
Vel: [-0.14438290894031525, -1.2472223043441772, 0.19169370830059052]
Acc: [7.563815593719482, -19.458600997924805, -11.568008422851562]
Gyro:[-0.059836894273757935, 0.2783851623535156, -1.6173871755599976]
Mag: [-0.13436098396778107, -0.05328947305679321, -0.07591310143470764]
Vel: [-0.06947226822376251, -0.5276170372962952, 0.14791984856128693]
Acc: [8.035776138305664, -23.135995864868164, -10.24553394317627]
Gyro:[-0.04244682565331459, -0.1172948032617569, -0.3735520541667938]
Mag: [-0.13436098396778107, -0.05328947305679321, -0.07591310143470764]
Vel: [0.10755788534879684, 0.37152770161628723, 0.11446129530668259]
Acc: [9.088984489440918, -22.288331985473633, -8.837186813354492]
Gyro:[0.12433695048093796, -0.2067210078239441, 0.9270395040512085]
Mag: [-0.13436098396778107, -0.05328947305679321, -0.07591310143470764]
Vel: [0.19108562171459198, 0.8977159261703491, 0.132897287607193]
Acc: [10.650248527526855, -8.006230354309082, -7.266271114349365]
Gyro:[0.016420790925621986, -0.5040907859802246, 2.486196756362915]
Mag: [-0.13436098396778107, -0.05328947305679321, -0.07591310143470764]
Vel: [0.08780939877033234, 1.601043701171875, 0.2312156707048416]
Acc: [11.869344711303711, 0.2951071262359619, -7.354361534118652]
Gyro:[-0.17888513207435608, -0.4823392629623413, 2.4630308151245117]
Mag: [-0.14662279188632965, -0.050806667655706406, -0.0874335914850235]
Vel: [-0.34133055806159973, 1.6662147045135498, 0.3105585277080536]
Acc: [12.54089069366455, 11.45810317993164, -10.066924095153809]
Gyro:[0.454257607460022, 0.10838635265827179, 1.6646697521209717]
Mag: [-0.14662279188632965, -0.050806667655706406, -0.0874335914850235]
Vel: [-0.8305133581161499, 1.4428951740264893, 0.31634387373924255]
Acc: [6.958271503448486, 14.629219055175781, -8.169085502624512]
Gyro:[1.6673442125320435, -0.2505904734134674, 0.18064112961292267]
Mag: [-0.14662279188632965, -0.050806667655706406, -0.0874335914850235]
Vel: [-1.1999071836471558, 1.0851190090179443, 0.36571449041366577]
Acc: [4.407608985900879, 4.153076171875, -5.205636501312256]
Gyro:[0.4790320098400116, 0.9121285676956177, -0.4503234326839447]
Mag: [-0.14662279188632965, -0.050806667655706406, -0.0874335914850235]
Vel: [-1.5013090372085571, 0.8397966027259827, 0.5697513222694397]
Acc: [2.4598562717437744, 2.3834011554718018, -8.42037582397461]
Gyro:[1.0069853067398071, 1.2847353219985962, -0.4287920594215393]
Mag: [-0.20545227825641632, -0.03828940540552139, -0.14077897369861603]
Vel: [-1.618523120880127, 0.754181444644928, 0.6403390169143677]
Acc: [-1.8235352039337158, 0.8831857442855835, -12.133662223815918]
Gyro:[0.5420672297477722, 1.0310198068618774, 0.3929259181022644]
Mag: [-0.20545227825641632, -0.03828940540552139, -0.14077897369861603]
Vel: [-1.538381814956665, 0.6147125363349915, 0.5546626448631287]
Acc: [-7.0926127433776855, 1.6577939987182617, -15.214037895202637]
Gyro:[0.5786355137825012, 1.5183441638946533, 0.5317776799201965]
Mag: [-0.20545227825641632, -0.03828940540552139, -0.14077897369861603]
Vel: [-1.317437767982483, 0.4591948688030243, 0.39467841386795044]
Acc: [-11.037467956542969, -2.5064172744750977, -16.58245086669922]
Gyro:[-0.5796290040016174, 0.5820958018302917, 1.2812310457229614]
Mag: [-0.20545227825641632, -0.03828940540552139, -0.14077897369861603]
Vel: [-1.0007296800613403, 0.37317928671836853, 0.24231760203838348]
Acc: [-15.133299827575684, -4.015116214752197, -15.674028396606445]
Gyro:[-1.0602519512176514, 0.3303447365760803, 1.5696741342544556]
Mag: [-0.11386878788471222, 0.019702086225152016, -0.20481228828430176]
Vel: [-0.41459766030311584, 0.30646634101867676, 0.08008468896150589]
Acc: [-14.32773208618164, 0.8213614821434021, -14.783832550048828]
Gyro:[-0.3197934925556183, -0.49930334091186523, 0.711250901222229]
Mag: [-0.11386878788471222, 0.019702086225152016, -0.20481228828430176]
Vel: [0.13992519676685333, 0.2312128096818924, -0.05611151084303856]
Acc: [-13.256954193115234, 0.8572883009910583, -13.735255241394043]
Gyro:[-0.3097541034221649, -0.9289255738258362, 0.06705567985773087]
Mag: [-0.11386878788471222, 0.019702086225152016, -0.20481228828430176]
Vel: [0.7376086711883545, 0.07155878841876984, -0.1675502359867096]
Acc: [-12.104397773742676, -0.5447438359260559, -12.335948944091797]
Gyro:[1.0108522176742554, -0.5631274580955505, -1.0109316110610962]
Mag: [-0.11386878788471222, 0.019702086225152016, -0.20481228828430176]
Vel: [1.1101630926132202, -0.007734090089797974, -0.22484076023101807]
Acc: [-12.66348648071289, -4.184001445770264, -12.045708656311035]
Gyro:[1.5280958414077759, -0.17094740271568298, -1.120924711227417]
Mag: [-0.1615990549325943, -0.006273005157709122, -0.19936874508857727]
Vel: [1.4499343633651733, -0.050809264183044434, -0.27585646510124207]
Acc: [-10.096640586853027, -5.2203049659729, -9.844223976135254]
Gyro:[1.569648265838623, -0.5708341002464294, -0.48143255710601807]
Mag: [-0.1615990549325943, -0.006273005157709122, -0.19936874508857727]
Vel: [1.8668867349624634, -0.03602290898561478, -0.2985532283782959]
Acc: [-2.3076179027557373, -2.920022487640381, -3.3612096309661865]
Gyro:[0.3359505534172058, 0.29634830355644226, 0.7120533585548401]
Mag: [-0.1615990549325943, -0.006273005157709122, -0.19936874508857727]
Vel: [2.0663115978240967, 0.018061602488160133, -0.12438195198774338]
Acc: [3.9665186405181885, -3.0534799098968506, -7.295111179351807]
Gyro:[0.7737879157066345, 1.2718100547790527, 1.7461570501327515]
Mag: [-0.1615990549325943, -0.006273005157709122, -0.19936874508857727]
Vel: [2.0026962757110596, 0.1118846908211708, -0.010538890026509762]
Acc: [6.603381156921387, -0.6214275360107422, -6.27510929107666]
Gyro:[0.578553318977356, 0.41759148240089417, 1.6093796491622925]
Mag: [-0.18513548374176025, -0.0354900099337101, -0.15969088673591614]
Vel: [1.7902913093566895, 0.11031672358512878, 0.09396829456090927]
Acc: [18.981510162353516, 3.6691713333129883, -3.515255928039551]
Gyro:[-1.6189947128295898, -0.4863882064819336, -0.7706794738769531]
Mag: [-0.1731993407011032, -0.023525582626461983, -0.12036485970020294]
Vel: [1.2941128015518188, 0.04261046275496483, 0.27275052666664124]
Acc: [22.40888023376465, 4.987074375152588, -10.917405128479004]
Gyro:[-3.767895221710205, 0.7709806561470032, 1.0032047033309937]
Mag: [-0.1731993407011032, -0.023525582626461983, -0.12036485970020294]
Vel: [0.6014536619186401, -0.0341867133975029, 0.3280735909938812]
Acc: [13.743725776672363, 16.975605010986328, -19.332406997680664]
Gyro:[-2.551485061645508, 0.10140830278396606, 2.5110037326812744]
Mag: [-0.1731993407011032, -0.023525582626461983, -0.12036485970020294]
Vel: [0.06426245719194412, -0.6443421840667725, 0.037184618413448334]
Acc: [12.195357322692871, 11.819144248962402, -7.7802228927612305]
Gyro:[1.3310987949371338, -1.9053865671157837, -4.736687183380127]
Mag: [-0.13584157824516296, -0.026449967175722122, -0.13004496693611145]
Vel: [-0.2796421945095062, -1.1312626600265503, 0.03606638312339783]
Acc: [8.374603271484375, -0.23544186353683472, -12.09007740020752]
Gyro:[1.3827532529830933, -0.8106858134269714, -4.532637119293213]
Mag: [-0.12808771431446075, -0.025812998414039612, -0.12492863088846207]
Vel: [-0.6585178375244141, -1.1376044750213623, 0.055654846131801605]
Acc: [5.497929096221924, -1.8664180040359497, -10.959278106689453]
Gyro:[0.8912183046340942, -1.730338215827942, -4.7427167892456055]
Mag: [-0.12808771431446075, -0.025812998414039612, -0.12492863088846207]
Vel: [-0.81683349609375, -1.043095350265503, 0.02211769111454487]
Acc: [6.406620979309082, -35.001243591308594, 3.3292899131774902]
Gyro:[-3.1987993717193604, -0.42845645546913147, -2.4693808555603027]
Mag: [-0.12808771431446075, -0.025812998414039612, -0.12492863088846207]
Vel: [-0.43182462453842163, -0.20952315628528595, 0.32642778754234314]
Acc: [5.249357223510742, -36.481075286865234, -4.678684711456299]
Gyro:[-0.8302063941955566, 2.1004714965820312, -0.44462698698043823]
Mag: [-0.12808771431446075, -0.025812998414039612, -0.12492863088846207]
Vel: [0.06088126078248024, 0.7231138944625854, 0.3447854816913605]
Acc: [9.572470664978027, -13.720654487609863, -17.370832443237305]
Gyro:[0.8843625783920288, 0.5400367975234985, 2.7955448627471924]
Mag: [-0.13596698641777039, -0.0903826504945755, -0.08612015098333359]
Vel: [0.15376614034175873, 1.2118892669677734, 0.08756641298532486]
Acc: [16.59877586364746, 7.740981578826904, -9.774622917175293]
Gyro:[0.9866796731948853, -0.5306270122528076, 3.2366878986358643]
Mag: [-0.13596698641777039, -0.0903826504945755, -0.08612015098333359]
Vel: [-0.2612226903438568, 1.3985615968704224, -0.019373612478375435]
Acc: [10.797154426574707, 14.533638000488281, -4.24489164352417]
Gyro:[0.1296379715204239, 0.35991746187210083, 0.1855686604976654]
Mag: [-0.13596698641777039, -0.0903826504945755, -0.08612015098333359]
Vel: [-1.0176526308059692, 1.044789433479309, 0.221487358212471]
Acc: [4.3192267417907715, 9.887231826782227, -0.40814104676246643]
Gyro:[0.4447651505470276, 0.9305902719497681, -0.6282720565795898]
Mag: [-0.13596698641777039, -0.0903826504945755, -0.08612015098333359]
Vel: [-1.3083453178405762, 0.8154973387718201, 0.5423016548156738]
Acc: [-1.5551412105560303, 1.0028386116027832, -0.466123104095459]
Gyro:[-1.2759714126586914, 2.2555902004241943, -0.42182648181915283]
Mag: [-0.19146127998828888, -0.08188744634389877, -0.11114409565925598]
Vel: [-1.33640456199646, 0.7181028723716736, 0.9275160431861877]
Acc: [-7.486093044281006, -3.470240831375122, -14.723038673400879]
Gyro:[-0.7017788290977478, 3.34816575050354, 0.06699149310588837]
Mag: [-0.19146127998828888, -0.08188744634389877, -0.11114409565925598]
Vel: [-1.0892574787139893, 0.6511116623878479, 0.9775184988975525]
Acc: [-7.618084907531738, -4.177746772766113, -22.633987426757812]
Gyro:[-0.7111177444458008, 3.002225160598755, 0.2205939143896103]
Mag: [-0.19146127998828888, -0.08188744634389877, -0.11114409565925598]
Vel: [-0.6535837054252625, 0.5348736047744751, 0.6168493032455444]
